-2.152204004382072267e+00
-6.100577428810519121e-02
-7.166757686178570896e-02
-2.634305531280996607e-02
-2.336782231010654798e-02
-1.634264343753957793e-02
-7.144211051182836059e-02
-1.585795338835886692e-02
-5.513724412721498699e-03
-1.605599764008004346e-02
-5.676915322401835523e-03
-4.358252437899361176e-02
-4.694380730002233743e-02
-9.128180690121813490e-02
-5.346943155338667458e-02
-8.687782576752248187e-02
-5.888314336807017740e-02
-1.363264036752441510e-01
-1.971415855774171985e-02
-8.923294309952872413e-03
-2.706462640260492644e-02
-6.460066292681608535e-03
-7.211238260120165881e-03
-4.082549592489798963e-03
-5.731661631093669385e-03
-4.365586188420898101e-03
-2.159549105002288027e-01
-2.340585909891163344e-02
-3.463294937711463434e-02
-2.785309118390142877e-02
-2.939461259632090637e-02
-7.698563794975360475e-02
-8.960337390311569339e-02
-4.242470044602862644e-02
-3.481257530562219260e-02
-2.079423068401786007e-02
-1.956614339934001010e-02
-3.639487257878712412e-02
-5.573402745032693395e-03
-4.027267005389923923e-03
-4.282673949119063586e-03
-6.879796294494583755e-03
-2.165659275653488217e-03
-1.923464082878589354e-03
-1.615417163984474505e-03
-1.336012565921221697e-03
-2.374452294149522434e-03
-1.535143821156987297e-02
-1.515616710688666609e-02
-3.704653363266631472e-02
-6.493787628729233430e-02
-1.188282376456491485e-01
-2.040282494405261382e-02
-3.940725118758789218e-03
-1.922678697127471782e-03
-5.598264477703327607e-02
-3.940875361478928668e-02
-1.664021847126920250e-02
-1.535596559996749502e-02
-1.856130760245202627e-01
-1.683364778013579990e-02
-1.882920893538957419e-01
-1.232016347053847827e-01
-3.191874315627470371e-01
-8.404335392301344812e-03
-4.602568259583669080e-02
-3.731145912448284585e-02
-3.399081702820140882e-01
-8.714064260014937197e-03
-1.719246105238999012e-01
-4.383448508133724192e-02
-4.932918960451897206e-02
-1.119632088390874226e-02
-8.509331090960646493e-02
-8.970748098552201732e-03
-4.759644073693742455e-03
-1.410396441260152768e-02
-2.633902010866188137e-01
-3.243771887477881616e-02
-2.103718307527126241e-02
-1.127428789394386947e-02
-1.467800009635200631e-02
-3.757234418880966292e-02
-2.569372762850001546e-02
-1.291686778883978023e-02
-7.451692831329942597e-03
-3.085877212162261608e-03
-9.489166199584764261e-02
-5.139949449174076312e-02
-1.051246487656027906e-01
-6.652086142285355136e-03
-4.153323636948927193e-03
-1.934327819278840524e-03
-1.308634569001029379e-03
-9.546185524328116949e-04
-1.176372136420609366e-03
-2.039672438288157169e-02
-5.255382979898371928e-03
-5.210440927728397786e-03
-4.083910010801314328e-03
-6.769607656804140991e-03
-4.041761172727570579e-03
-1.100500105169722239e-03
-1.052866607964692870e-03
-2.190429883811811917e-02
-2.736553096005539532e-02
-1.708164334515917000e-03
-8.275570168095545617e-03
-1.466914971219167481e-02
-1.966357375848852649e-03
-1.785482124307953208e-02
-7.699069768665370295e-03
-9.986745582534825930e-03
-8.125956640360729871e-03
-8.320932320189197706e-03
-1.169967131824371231e-01
-3.329424170052095594e-02
-8.065530308638892143e-02
-2.370260628221277852e-03
-7.546985226486162702e-04
-7.310541893305471956e-04
-1.386323420360015529e-03
-2.286391338266279341e-02
-3.801682036964711825e-02
-9.297848908987405361e-03
-1.244081450452193087e-02
-2.422391039761341916e-02
-2.598070065386177269e-02
-5.399841419992857522e-02
-4.145042853814297212e-02
-2.330184183610617063e-02
-9.831163707592464190e-03
-1.243384821121774550e-02
-2.666991140635886076e-02
-1.099752107514759096e-02
-7.750464662066143540e-02
-3.298461428601559553e-02
-6.229353611700793464e-02
-3.836077462826736895e-02
-2.407598628532129498e-02
-1.394856281097020256e-01
-3.332578340371752587e-03
-8.302752360475807239e-03
-1.071315329515993252e-02
-3.461892204034602415e-03
-3.002843026480270065e-03
-1.222248439237401674e-01
-6.769250893406583702e-02
-9.349395846682376915e-03
-5.320913107181023116e-02
-9.657731191616403255e-02
-7.986282458467754142e-03
-1.466172474671911113e-02
-3.818358599939119385e-02
-1.104517682401234477e-02
-5.405345717571501118e-03
-2.362438141765838551e-01
-1.934566655705842030e-03
-3.085427155335412463e-03
-4.400249361528310067e-03
-7.533391613393078390e-02
-1.395478069976018899e-02
-9.279676697032106236e-03
-7.518423713650590479e-02
-1.186364104734357466e-01
-2.543788108997710115e-02
-2.913665021718218895e-02
-3.570811731764249319e-02
-2.910218785915481832e-02
-2.159702023097911580e-02
-2.972612586633274073e-02
-7.709167956875480170e-03
-8.578725853999940795e-04
-2.807059934584511113e-03
-6.340147482428036725e-04
-2.360774245357202383e-03
-6.457649350749874442e-04
-5.788241625590698561e-04
-7.708036834698103745e-02
-1.803161356477121433e-02
-1.514698176665394379e-02
-8.663966281173711426e-02
-8.038750338468993173e-03
-9.297161604591014372e-02
-7.112839875301514569e-02
-7.235641836861275711e-03
-5.876300036806859743e-03
-9.354605329278051218e-03
-3.444325392015802883e-03
-1.587983710253585978e-01
-6.465312122768097636e-01
-1.481292383258754793e-02
-4.555569349972130901e-03
-2.374654798675553125e-03
-3.669865262937497749e-03
-3.074165155567264163e-03
-6.869916917462333752e-03
-8.504158576434731488e-04
-1.008356780009168341e-01
-6.325645086460744693e-02
-1.125122041809087786e-01
-6.814777869354420037e-02
-6.757825730731815625e-03
-1.242378340627262739e-01
-7.473250336688028878e-03
-3.449368463287170172e-01
-1.312020997816618940e-02
-1.262490981426705322e-02
-2.916036265026127668e-03
-1.542573715677463542e-01
-2.550666198289974207e-01
-1.096729863026330298e-01
-1.042437941338018523e-02
-2.891972262672769522e-01
-3.984861476192148588e-01
-3.908126280685374210e-02
-2.530734696600632407e-03
-5.430975210095827233e-03
-4.582225469365382164e-02
-1.135829296817600642e-01
-5.900893917776800501e-02
-8.904863177751720302e-03
-7.264826682520658316e-03
-7.097756124411602752e-03
-1.630603723490205029e-03
-6.911271427042343192e-04
-1.338434755530346510e-03
-1.997568734634810796e-03
-1.008811658589464123e-02
-5.846346726778969827e-02
-2.125607030186365057e-02
-1.842763498724557802e-01
-2.101682973624627304e-02
-6.737140916040626482e-02
-4.487928630920998141e-02
-5.034215178693531717e-02
-3.081575025048934879e-01
-3.925155978110348581e-02
-2.498062764709622560e-02
-4.683693249437834161e-02
-1.551361515872063876e-02
-1.087341307932055134e-01
-1.755218893500658933e-02
-4.282251353878863132e-02
-2.336353765583630213e-02
-6.492360991908241452e-02
-1.433169694425892073e-02
-3.510375546729854190e-01
-2.632629441718509905e-02
-1.055658966927506548e-01
-2.249498828104489270e-02
-2.816100921174351842e-03
-2.658653075041972000e-02
-2.222317003607570535e-02
-1.081098473329853739e-02
-4.436454250405811803e-03
-6.981918592053496875e-04
-2.022666408210489208e-01
-8.687363386178792446e-02
-6.982861400919501138e-01
-2.337781774706583493e-02
-8.706412941204855552e-03
-1.159750851120225357e-01
-9.482520802602330268e-02
-9.552600707477471031e-02
-6.301250947480785229e-03
-1.143773766787472279e-01
-1.249202316164145857e-02
-4.698351854952764750e-02
-1.338040578722539268e-03
-4.527767087785354865e-04
-7.907320524682607925e-04
-3.999256153050257116e-04
-9.505669914367251630e-03
-1.207863175605882605e-02
-2.106521723233531831e-02
-2.123652715074533792e-02
-2.319160475628187154e-02
-5.515676705608292020e-03
-4.892054469749107515e-03
-1.154932969803144915e-03
-5.798365962175413765e-03
-3.946968967835031220e-03
-2.296782435384811527e-02
-9.146046843048756363e-04
-6.217084436764647344e-03
-2.414335655272005152e-02
-2.113745541515592644e-02
-2.297872817190967434e-02
-8.020709316329633493e-03
-8.837490570544273213e-03
-8.384490218060998423e-02
-1.295385435496114240e-03
-4.568807943552725894e-04
-2.676241208257652653e-03
-5.846521860486211287e-04
-6.329719321707763004e-04
-4.007990898212795061e-04
-5.139010285671702372e-02
-2.920551575610282058e-03
-2.474339693931697573e-02
-2.081446667679688334e-01
-4.775351445696131292e-02
-6.918595105854534379e-04
-2.549849668774765467e-03
-5.894455504397710932e-04
-2.703175942225714487e-03
-5.948692811323035663e-04
-6.639192021961003685e-04
-7.188359407127148035e-03
-2.092578227015121431e-03
-3.425773070802970270e-03
-1.935733674433051535e-03
-4.894456157811645503e-02
-1.675670280716775457e-02
-6.722048127803696010e-03
-9.433361709713011800e-03
-2.054151027353094336e-02
-5.876325770728454100e-03
-2.456918012086042186e-02
-2.068427099722548040e-02
-3.818226879682963537e-02
-8.064852913593115180e-02
-4.168756179427326319e-02
-2.480321638184444441e-02
-7.923074749960441407e-03
-7.010896714800493937e-03
-3.778600462989289283e-03
-2.876608661484803247e-03
-5.584199382457537275e-02
-8.530620421153409239e-02
-4.355622848145544214e-03
-9.423732387656143933e-03
-1.824443997337484372e-02
-4.692448404936537532e-03
-3.967151438060240176e-02
-3.620463298301336303e-03
-3.945591986392057993e-02
-3.080211267634428741e-03
-7.038351532018014001e-02
-2.772011323077034836e-02
-1.180754405648347730e-02
-7.486116369339292781e-03
-5.029049921286143920e-02
-7.231593505836124425e-02
-3.879531648519293774e-02
-2.068932899088515159e-02
-9.915606394138581567e-03
-7.847976681754659234e-03
-1.162236502040427111e-03
-2.846355784133102612e-02
-3.165123253738413855e-02
-4.511026013044008159e-03
-4.523253724793827035e-03
-5.714137443218930690e-02
-4.756355040799344069e-02
-2.930533400729317707e-03
-1.157110136431994431e-03
-7.867909463086306468e-03
-1.560388293072441108e-03
-1.365032882323865410e-03
-1.988151022145292768e-01
-5.311374532049072117e-03
-2.198046922691884730e-02
-3.269524521440480003e-01
-2.667809440912637456e-02
-1.077893055297351023e-03
-1.185655488067211688e-02
-5.513750753961399464e-02
-4.208290162729087965e-03
-5.475883848998956173e-03
-6.265084601528865538e-03
-3.006336767934390114e-02
-4.528065466200670991e-02
-2.992091009337212795e-02
-6.390896498506409840e-03
-1.719413777411885448e-03
-1.873353983613604322e-03
-1.627483355849771718e-01
-7.269524486215193405e-03
-4.413549249829978871e-04
-2.410461815998591814e-02
-1.991148502985518737e-02
-1.431262743245143715e-02
-2.076899008954391588e-03
-7.939201582743287550e-03
-3.758432461679764216e-03
2.718281828459045535e+00
3.187118825054899851e+00
3.645199283028757620e+00
4.080998257404973018e+00
4.482713500161541020e+00
4.838993498648697766e+00
5.139719337922780795e+00
5.376749556381759554e+00
5.544532076376460950e+00
5.640499319436696801e+00
5.665190824700744088e+00
5.622087114763125726e+00
5.517181297730953560e+00
5.358352174185374572e+00
5.154627104716755781e+00
4.915430575017170511e+00
4.649905369598729798e+00
4.366371299497407321e+00
4.071957551309485446e+00
3.772415409955759635e+00
3.472093671200779941e+00
3.174042681808851185e+00
2.880205460017764452e+00
2.591654670781660563e+00
2.308840121794396349e+00
2.031820329184253815e+00
1.760461286110134305e+00
1.494594205378566798e+00
1.234130781907899488e+00
9.791391491702592376e-01
7.298863462842751781e-01
4.868541713890634504e-01
2.507352501297773206e-01
2.241543887321528761e-02
-1.970523368343987114e-01
-4.064787909210802463e-01
-6.045705122527194053e-01
-7.899615449132280087e-01
-9.612427895328361505e-01
-1.116988191212454185e+00
-1.255777028286844565e+00
-1.376211859811766747e+00
-1.476931865677924893e+00
-1.556621458714436024e+00
-1.614014199528039706e+00
-1.647892238696422318e+00
-1.657081784487103526e+00
-1.640445484711180457e+00
-1.596873152956395092e+00
-1.525272987281377279e+00
-1.424566328096204870e+00
-1.293690049144982090e+00
-1.131611780814371526e+00
-9.373641564357833023e-01
-7.101048770453926018e-01
-4.492092299708256853e-01
-1.544003121963843927e-01
1.740808710509369472e-01
5.352683982279911046e-01
9.272377410002460296e-01
1.346864579398408646e+00
1.789604875420271357e+00
2.249333300692677895e+00
3.136462664092057206e+00
4.201904183106337953e+00
2.630707294625910908e+00
3.146356441928465308e+00
3.412903095894153971e+00
3.674285497512398191e+00
3.456384320813321143e+00
3.136462664092057206e+00
2.348662105109357245e+00
1.037896224167567549e+00
1.172897942425141116e+00
1.105939262162038528e+00
-1.236844944329414941e+00
-1.164291024147538600e+00
-1.188590245296940795e+00
1.583002053543442145e+00
1.723887128919046496e+00
1.626849725519650125e+00
-9.218056772472883464e-01
-8.310749910554153796e-01
-8.774549032939362725e-01
1.886483013825202004e+00
1.810245410772748809e+00
1.993370534962679130e+00
4.016878183698019633e+00
3.787435392759746389e+00
3.866623164325247775e+00
4.293848277497718691e+00
4.410940358162537933e+00
4.251081054044441920e+00
4.095592054198879950e+00
4.251081054044441920e+00
4.220131623250400033e+00
-1.006601622353923586e+00
-9.031792396635457409e-01
-9.725784266973384051e-01
1.140149667497009744e+00
1.302014946816368202e+00
1.252046032223063765e+00
2.133913174433791582e+00
2.295189463330163271e+00
2.212743421151133205e+00
4.926169549689635163e-01
6.289342481582351763e-01
5.548630061936834501e-01
2.916106395160070974e+00
2.537111823821986079e+00
2.901811645764072800e+00
4.050777293875140295e+00
4.303116263649462425e+00
4.200103942488254916e+00
1.245154530569763329e+00
1.305133779002015659e+00
1.172897942425141116e+00
-1.135055275413241027e+00
-1.086280444262540890e+00
-1.164291024147538600e+00
1.440961870613303386e+00
1.529705942434357313e+00
1.583002053543442145e+00
-1.005388093680664507e+00
-9.679683948705158913e-01
-9.218056772472883464e-01
5.488727855099123865e+00
5.372466170997375556e+00
5.356094022378434794e+00
5.372466170997375556e+00
5.402525854254077942e+00
5.261768173397709525e+00
5.023649442185420533e+00
4.938979980613185994e+00
5.088255080278797138e+00
3.650501204169768421e+00
3.507914403523956448e+00
3.787435392759746389e+00
3.081966685034134290e+00
3.392431289972949848e+00
3.104851389705813869e+00
5.665572071344191940e+00
5.652091015672815466e+00
5.661602074970290666e+00
4.268856525932116952e+00
4.040698093867671759e+00
4.200103942488254916e+00
2.850614897867096875e+00
2.662188532536473140e+00
3.146356441928465308e+00
2.074059740239885485e+00
2.133913174433791582e+00
1.993370534962679130e+00
-1.257142155809353401e+00
-1.367529387098986859e+00
-1.386249873511931074e+00
5.665442248860559360e+00
5.662119711259304466e+00
5.612971670356240672e+00
5.629981716530006786e+00
5.665442248860559360e+00
5.665680326485967200e+00
5.359375263386700894e+00
5.511284489665795761e+00
5.513680585245625210e+00
-1.507087428556196818e+00
-1.424153755622239892e+00
-1.386249873511931074e+00
-1.424153755622239892e+00
-1.486037632446929546e+00
-1.377521768808197766e+00
3.543159765525249583e+00
3.660616565910507880e+00
3.290898927378449024e+00
-1.630664947812896948e+00
-1.653546115287691576e+00
-1.651652274733060199e+00
2.162766987625828752e-01
9.664576132509292150e-02
1.420054037025517135e-01
3.133000702870056386e+00
2.976377773542256744e+00
3.038599219884415614e+00
-1.627819818064242252e+00
-1.644870099202784930e+00
-1.635691595381648433e+00
2.255469639980558938e+00
2.105602631629659438e+00
2.212743421151133205e+00
6.463388440514159505e-01
5.191235295883400713e-01
5.548630061936834501e-01
-1.657167325479365072e+00
-1.647508222755799334e+00
-1.649731635981001698e+00
9.940739163978553616e-01
1.021780299354604793e+00
1.140149667497009744e+00
-8.339007851722458620e-01
-8.105826001062956809e-01
-9.031792396635457409e-01
-8.594402947811948801e-01
-7.681201064188165617e-01
-9.029851284357323093e-01
4.850201940308239479e+00
4.775960053549377804e+00
4.950398574299535781e+00
5.514751949867002345e+00
5.513680585245625210e+00
5.612971670356240672e+00
5.074582098062387914e+00
4.914917666210827818e+00
4.996863923245113526e+00
-1.182182625945702892e+00
-1.193417009772385518e+00
-1.279921199410083865e+00
2.901613911320840344e+00
3.071475743898829602e+00
3.038599219884415614e+00
3.870484875805435543e-02
1.675781942211763131e-01
1.420054037025517135e-01
-1.639317144166091866e+00
-1.617498346162429712e+00
-1.635691595381648433e+00
5.144284960838334086e+00
5.207077813626145080e+00
5.088255080278797138e+00
-1.051195355216888450e+00
-1.182182625945702892e+00
-1.144402321341509321e+00
-1.653805460986168763e+00
-1.635605010616867805e+00
-1.651652274733060199e+00
-1.653546115287691576e+00
-1.656340699502515390e+00
-1.654371900660578376e+00
5.133731637871970399e+00
4.913139627855733771e+00
4.886990204514457758e+00
-1.653801425264542102e+00
-1.653805460986168763e+00
-1.657167325479365072e+00
2.411893046650780192e+00
2.596945385173187404e+00
2.428909043409108737e+00
5.598073882146283431e+00
5.579970885577775874e+00
5.512133065872744098e+00
5.205226056313158267e+00
5.359375263386700894e+00
5.246056207508804192e+00
5.660004577290028926e+00
5.548862742885667387e+00
5.619384115015038539e+00
5.665680326485967200e+00
5.660004577290028926e+00
5.628704184216202222e+00
2.389851747797625769e+00
2.523405633602802567e+00
2.674231528766925603e+00
2.782935963898477194e+00
3.137113525861280117e+00
2.901811645764072800e+00
4.894756913222467531e+00
5.023649442185420533e+00
5.038877610682243713e+00
2.428909043409108737e+00
2.424185267895830442e+00
2.247327933484430051e+00
5.660004890161241420e+00
5.662468879049188608e+00
5.619921593885639055e+00
1.060170626465515742e+00
8.505236514005416470e-01
1.468145791411931356e+00
-1.642014380680049790e+00
-1.655158297497998143e+00
-1.649731635981001698e+00
5.654722115983987329e+00
5.660004890161241420e+00
5.662119711259304466e+00
5.895166983642129432e-01
1.060170626465515742e+00
1.337502929077921898e+00
-9.605275476699487447e-01
-1.051195355216888450e+00
-9.029851284357323093e-01
-6.612219819156556211e-01
-6.262119027083559164e-01
-5.481742903051417537e-01
-7.375724645264153390e-01
-1.065706799672093918e+00
-7.454027766835060742e-01
-1.065706799672093918e+00
-1.325254954115023809e+00
-1.254736461066836783e+00
-9.558340253149741894e-01
-3.024308884352462368e-01
-1.146542113803493468e+00
4.684887151602191047e+00
4.850201940308239479e+00
4.854549839628617747e+00
4.913139627855733771e+00
5.031936854862436803e+00
4.739380156200870609e+00
2.873831509822641017e+00
3.153354414946469841e+00
3.081966685034134290e+00
5.641373005545713859e+00
5.598073882146283431e+00
5.600052101591093567e+00
-1.356814945769298619e+00
-1.362174021064752383e+00
-1.279921199410083865e+00
-6.142454024965787740e-01
-6.783472297943217155e-01
-7.681201064188165617e-01
-4.620148750466305798e-01
-6.142454024965787740e-01
-5.463060373023688188e-01
-1.362174021064752383e+00
-1.453404767770831274e+00
-1.392724555855521240e+00
3.627548694349267855e+00
3.992042197572881257e+00
3.665349250456446661e+00
3.681954415727238583e+00
3.627548694349267855e+00
3.359751704248397530e+00
-6.819625662458712601e-01
-3.204892919796722417e-01
-7.454027766835060742e-01
-5.697294367789026426e-01
-6.819625662458712601e-01
-8.865644233354871284e-01
4.852318605146056285e+00
5.031034444157458374e+00
5.049753544154008011e+00
5.043029968225569704e+00
5.255122404947553783e+00
5.259748707766853215e+00
3.331201902584818075e+00
3.778623141788602702e+00
3.543159765525249583e+00
2.609197174450160972e+00
2.720343713849938894e+00
2.600925551913931599e+00
-1.793192888853775702e-01
-9.770596027886863100e-02
-1.835883416899314891e-01
-1.585749842793950037e+00
-1.562214056310532673e+00
-1.560883526818525713e+00
-7.632296664945006359e-01
-9.810247103091935816e-01
-7.362466115333256012e-01
5.633521889272036454e+00
5.617405867871882563e+00
5.652091015672815466e+00
2.295189463330163271e+00
2.351029541552796864e+00
2.420626596650424123e+00
4.167933367623529728e-01
4.926169549689635163e-01
3.544039361917780129e-01
2.775811367532254881e+00
2.916106395160070974e+00
3.170814704147344898e+00
2.600925551913931599e+00
2.535172548778486856e+00
2.420626596650424123e+00
-1.644870099202784930e+00
-1.649868433214249919e+00
-1.654022752762964732e+00
-1.835883416899314891e-01
-2.127014276558081285e-01
-2.930730010734781676e-01
2.950251952989317861e-01
2.162766987625828752e-01
3.544039361917780129e-01
3.202176017028952604e+00
3.133000702870056386e+00
3.276493983633293361e+00
-1.551541505894383111e+00
-1.560883526818525713e+00
-1.523273121999851876e+00
1.260711393612552023e+00
1.040082326596413642e+00
1.133842422871994327e+00
-3.086914052087441629e-01
-1.093934484733294354e-02
2.634212558612891719e-02
-5.399938751294283135e-01
-3.086914052087441629e-01
-5.697294367789026426e-01
5.031034444157458374e+00
4.939286400202924199e+00
5.146912563186761602e+00
4.272562710443791545e+00
4.521519903737505786e+00
4.129323791080251382e+00
1.694540355898881412e+00
1.886483013825202004e+00
1.865237532405419119e+00
-1.300296541676093431e+00
-1.229984496703499852e+00
-1.283070739496389390e+00
-1.156594356198303863e+00
-1.103080108673211601e+00
-1.257142155809353401e+00
-1.061787662176817193e+00
-9.605275476699487447e-01
-9.338018546590594049e-01
-1.232263650886805229e+00
-1.221797219525992073e+00
-1.288303649175680965e+00
5.281614863371109081e+00
5.144284960838334086e+00
5.161607090477520643e+00
4.221869526739419953e+00
3.941110017938768362e+00
4.208005354831141354e+00
-3.003630713384036754e-01
-2.496979190730272413e-01
-4.418576874078091188e-01
1.396862067469235136e+00
1.245154530569763329e+00
1.252046032223063765e+00
-1.060574789847158916e+00
-1.135055275413241027e+00
-1.147365019799028385e+00
-9.679683948705158913e-01
-1.060574789847158916e+00
-9.725784266973384051e-01
1.529705942434357313e+00
1.396862067469235136e+00
1.551861468021059842e+00
-1.026745152766019853e+00
-9.205343578997691179e-01
-1.042683233314452007e+00
4.129323791080251382e+00
3.937930829607291905e+00
3.674285497512398191e+00
5.209943968008476034e+00
5.150322247381672547e+00
5.074582098062387914e+00
-9.031076893680584083e-01
-7.885698405749952400e-01
-7.436136769184884532e-01
3.392431289972949848e+00
3.650501204169768421e+00
3.701143868868917775e+00
-5.463060373023688188e-01
-6.241838078139969603e-01
-4.418576874078091188e-01
-1.368283372194247338e+00
-1.392724555855521240e+00
-1.473678851833634340e+00
2.523405633602802567e+00
2.226107071396630666e+00
2.492606223399366883e+00
-6.262119027083559164e-01
-7.311506998968353432e-01
-6.137760942187487911e-01
9.395100884095312077e-01
8.297158374701357753e-01
1.040082326596413642e+00
5.548375782958560265e+00
5.560559625166440867e+00
5.459857882200915391e+00
-1.531786937540289717e+00
-1.527905837023983526e+00
-1.473678851833634340e+00
-1.643737528938570058e+00
-1.620010677904768048e+00
-1.647508222755799334e+00
-7.261659756407962130e-01
-4.806808660356249874e-01
-7.362466115333256012e-01
5.660989872818428914e+00
5.665302548076551759e+00
5.665572071344191940e+00
2.244371753234606359e+00
2.186610560887481292e+00
1.922525818896788863e+00
4.521519903737505786e+00
4.792509915306639279e+00
4.724184499024872252e+00
-1.444698324917713439e+00
-1.541415491974687413e+00
-1.325254954115023809e+00
-1.568399806808259189e+00
-1.444698324917713439e+00
-1.268589846729937687e+00
2.893850602280772399e+00
2.782935963898477194e+00
2.674231528766925603e+00
3.227467383971981185e+00
2.893850602280772399e+00
3.104851389705813869e+00
-1.586743918092560879e+00
-1.507087428556196818e+00
-1.575913483582933150e+00
1.600312702788099894e+00
1.336164738496992133e+00
1.446090592494272187e+00
1.741349571075945679e+00
1.600312702788099894e+00
1.833144822561822096e+00
-9.682059436408976261e-01
-1.026745152766019853e+00
-1.077595606895449754e+00
1.180141576399269976e+00
9.445070238982398170e-01
9.444974246363652126e-01
-4.807366794339408278e-01
-4.716733829574115688e-01
-3.158557661619512125e-01
6.470063053870033221e-01
9.492723631015267394e-01
7.440290101784154952e-01
-1.430362532446817880e+00
-1.254014760282489815e+00
-1.254736461066836783e+00
-1.335680509269141947e+00
-1.338037681398133838e+00
-1.288303649175680965e+00
-9.920661722775556690e-01
-1.015708704949362051e+00
-9.031076893680584083e-01
5.625131834371114969e+00
5.548375782958560265e+00
5.551037749821436940e+00
9.797181335196147867e-01
7.417012345737900025e-01
9.445070238982398170e-01
4.835601014819504329e+00
4.757866456650065246e+00
4.914917666210827818e+00
-1.355483549810752475e+00
-1.306808653533295228e+00
-1.300296541676093431e+00
1.383496463156472789e+00
1.035310715433030770e+00
1.407520416240437999e+00
5.479010218405559129e+00
5.454269459453701785e+00
5.628704184216202222e+00
5.246110844938887574e+00
5.347949877552480302e+00
5.082201836583255528e+00
1.701178766237444240e+00
1.337502929077921898e+00
2.217157824854395720e+00
1.142095429477439916e+00
1.701178766237444240e+00
2.348662105109357245e+00
5.056320225789955991e+00
5.211667294787027060e+00
5.161607090477520643e+00
5.000307110137575783e+00
5.056320225789955991e+00
4.950398574299535781e+00
8.505236514005416470e-01
3.950350068540133819e-01
7.373590889098716739e-01
-1.374170261610845545e+00
-1.291446709212595412e+00
-1.377521768808197766e+00
5.142420482722645403e+00
5.196978197411659117e+00
5.045728717800633589e+00
-5.317796172138958832e-01
-3.877916624663202416e-01
-4.716733829574115688e-01
-5.876719032699786460e-01
-5.317796172138958832e-01
-6.721306320858676520e-01
3.950350068540133819e-01
2.507823593091429437e-02
2.634212558612891719e-02
-8.137735699167223391e-01
-9.558340253149741894e-01
-1.268589846729937687e+00
-1.587748512070320750e+00
-1.586743918092560879e+00
-1.630664947812896948e+00
4.303116263649462425e+00
4.327160571439512715e+00
4.466582963910046722e+00
5.654485911972217949e+00
5.645837459386704893e+00
5.664751212883008868e+00
-1.362273828828681310e+00
-1.400837661191321803e+00
-1.418899593884355381e+00
-4.640995742885555275e-01
-5.093009010355822319e-01
-5.481742903051417537e-01
8.374702667040990756e-01
5.192865123226512170e-01
7.440290101784154952e-01
5.201196973226331899e+00
5.408368982241280598e+00
5.255122404947553783e+00
4.963774901708352338e+00
4.915928221295986056e+00
5.045728717800633589e+00
-1.589893695327202927e+00
-1.631414817445980603e+00
-1.548963410072757840e+00
2.811754469545946655e+00
2.624647869282505042e+00
2.985117681340526907e+00
1.380501532636344120e+00
1.738811659283599154e+00
1.407520416240437999e+00
2.537111823821986079e+00
2.244371753234606359e+00
2.270662546055269182e+00
5.630045246548061044e+00
5.654485911972217949e+00
5.660544643439367363e+00
-1.621228091175860309e+00
-1.575913483582933150e+00
-1.546461185855704690e+00
-8.274519355908320772e-01
-9.360291490985969132e-01
-9.338018546590594049e-01
5.498580649720480551e+00
5.564015074719168119e+00
5.564261547120133322e+00
3.937930829607291905e+00
4.299357336497555693e+00
3.735264936236253774e+00
7.215883026247883469e-01
6.893888218415631375e-01
8.528536679309695057e-01
5.403101165594950572e+00
5.642110849107841553e+00
5.619384115015038539e+00
5.642110849107841553e+00
5.652244170680582158e+00
5.621355364418246126e+00
1.911221858126987971e+00
1.656136704589556086e+00
1.589012510174991455e+00
1.066236830499548649e+00
8.447871408927207781e-01
1.160356478701643379e+00
-7.486419802093524645e-02
-6.184686203638545265e-04
1.032842175184054412e-01
-1.379556349202228915e-01
1.660306746087230056e-01
-1.093934484733294354e-02
1.656136704589556086e+00
1.858720448746658871e+00
1.585842675287238102e+00
8.797829767256613032e-01
1.066236830499548649e+00
1.146428524356611689e+00
-2.374866316212524975e-01
-7.486419802093524645e-02
-1.528229561190439512e-01
3.941110017938768362e+00
3.681954415727238583e+00
3.701143868868917775e+00
-6.899333645936092108e-01
-4.783705935160559308e-01
-5.399938751294283135e-01
4.357084703067037879e-01
2.463025542443630922e-01
3.506813074214294446e-01
-7.590792196146960435e-01
-8.790633580805211622e-01
-8.279064501629995743e-01
-6.848262913911855598e-01
-6.296904026362730722e-01
-7.665608979579159321e-01
5.455703874779360696e-02
1.363959636683540477e-01
2.519720595532997098e-01
-1.163196501387832260e+00
-1.042683233314452007e+00
-1.070727420109021555e+00
5.347949877552480302e+00
5.527827501248950171e+00
5.454269459453701785e+00
2.662188532536473140e+00
2.025749744814974829e+00
2.366151442612752120e+00
2.024338476917670882e+00
2.263895818783243197e+00
2.013304176066018414e+00
5.262535724560630790e-01
7.387751059354787930e-01
7.494387745000206102e-01
-1.000912264297067811e+00
-6.670781780509786874e-01
-1.323847442993355772e+00
-6.670781780509786874e-01
9.226736220016279466e-02
-5.087746219935411762e-01
-1.254014760282489815e+00
-1.315926852683834358e+00
-1.136934845098061864e+00
4.734061198452445218e+00
4.963774901708352338e+00
4.886990204514457758e+00
3.160373489207209285e+00
2.992667183553107790e+00
3.290898927378449024e+00
-1.136934845098061864e+00
-1.011007807960928595e+00
-8.865644233354871284e-01
3.523284536231587882e+00
3.182749892109730805e+00
3.735264936236253774e+00
4.716507159505029634e+00
5.404650474559197448e+00
4.915586401901804514e+00
4.256375388731825637e+00
4.268856525932116952e+00
4.411792690205723844e+00
2.160278158447276109e+00
2.455166792784695851e+00
2.157839048071313659e+00
3.930965717871331422e-01
3.921137635405509414e-01
5.388874285026497013e-01
-1.446013319587819090e+00
-1.418899593884355381e+00
-1.480408812800002138e+00
5.661732229122417692e+00
5.664751212883008868e+00
5.665302548076551759e+00
-1.273688360938400432e+00
-1.242098344463731685e+00
-1.163196501387832260e+00
-1.361718141296039075e+00
-1.273688360938400432e+00
-1.297685687106285624e+00
-1.579120742343234518e+00
-1.596411941701293191e+00
-1.620010677904768048e+00
1.088961536657217399e+00
1.383496463156472789e+00
1.526315050484013058e+00
4.426593631227663472e+00
4.293848277497718691e+00
4.252832834955865060e+00
-8.986554629243059811e-01
-8.183880273727945909e-01
-6.899333645936092108e-01
5.402525854254077942e+00
5.498580649720480551e+00
5.413714223346637766e+00
5.652090053271797032e+00
5.661732229122417692e+00
5.637215336231990115e+00
4.850335313209208188e+00
4.866977485542826720e+00
5.043134725688059206e+00
4.549684989197302798e+00
4.850335313209208188e+00
4.756652970976490202e+00
1.557019026622799895e+00
1.694540355898881412e+00
1.551861468021059842e+00
-1.229984496703499852e+00
-1.160193450736374476e+00
-1.147365019799028385e+00
3.778623141788602702e+00
3.907427574978759033e+00
4.070676848209830112e+00
7.236615519591376167e-01
9.395100884095312077e-01
9.444974246363652126e-01
-1.554622704789099696e+00
-1.512217441570723464e+00
-1.522107583748530502e+00
-1.596411941701293191e+00
-1.554622704789099696e+00
-1.597386776853509271e+00
-1.037522379387926685e+00
-1.223051192107806440e+00
-8.350406803070312689e-01
1.755545840882546393e+00
1.393634454526733402e+00
1.112047946679053156e+00
2.385057132394277080e-01
2.611614772605341805e-02
2.226843902013895260e-01
3.209887271315259305e+00
3.331201902584818075e+00
2.985117681340526907e+00
2.796898128758375179e+00
2.887032698045463697e+00
2.969922436077525596e+00
-1.615454605688573686e+00
-1.600347029140345656e+00
-1.626976091004187719e+00
-3.962111417287067505e-02
2.951966294372876387e-02
9.164762406543519591e-02
2.235767128813542115e+00
2.074059740239885485e+00
2.084840965775369703e+00
6.893888218415631375e-01
5.484556381123520952e-01
6.785095186003077261e-01
4.752043091287704080e+00
4.406691775839308711e+00
4.566683360541981429e+00
-3.803836545202304298e-01
-8.350406803070312689e-01
-5.087746219935411762e-01
1.112047946679053156e+00
5.098250077905971400e-01
6.977553169304256953e-01
-1.638448765993436806e+00
-1.642014380680049790e+00
-1.624755874043021242e+00
-1.576663140372586813e+00
-1.528024349831740736e+00
-1.565402484058817656e+00
1.516460053382325535e-01
2.646126599465383200e-01
1.675781942211763131e-01
-1.582156073646923344e+00
-1.576663140372586813e+00
-1.610046783348227262e+00
-5.035123126287065487e-01
-5.876719032699786460e-01
-6.296904026362730722e-01
9.492723631015267394e-01
1.053020977033891636e+00
1.184574582972343304e+00
5.157529076184545147e+00
5.000307110137575783e+00
5.049753544154008011e+00
2.702754440564175020e+00
2.650588312893988885e+00
2.455166792784695851e+00
5.500075354266160232e+00
5.170336295676576377e+00
5.479010218405559129e+00
2.518725305413201943e-01
4.000594415023950301e-01
3.921137635405509414e-01
-4.668681197054378451e-01
-6.215685693405839096e-01
-4.807366794339408278e-01
-6.215685693405839096e-01
-7.553964009719154049e-01
-7.436136769184884532e-01
-6.184686203638545265e-04
-1.008902648712231009e-01
5.455703874779360696e-02
-3.024308884352462368e-01
5.108102042245676877e-01
9.085472555006082196e-01
7.755059324603408299e-01
9.203052887062672660e-01
1.075254689884585613e+00
2.226843902013895260e-01
2.416351667509799572e-01
4.561960386690923075e-01
-1.528229561190439512e-01
-1.399123283827794495e-01
-3.158557661619512125e-01
4.147934540337701037e+00
4.402281033445730074e+00
4.208005354831141354e+00
1.738540300913141712e+00
2.087707565462310733e+00
1.468145791411931356e+00
2.025749744814974829e+00
1.738540300913141712e+00
1.526315050484013058e+00
2.992667183553107790e+00
2.702754440564175020e+00
2.811754469545946655e+00
6.274051702962932797e-01
5.273010904770705221e-01
4.357084703067037879e-01
5.579970885577775874e+00
5.622003997471873404e+00
5.539168620041139413e+00
3.953745903382772653e+00
4.118308352930373673e+00
3.965676894476881209e+00
2.646126599465383200e-01
3.930965717871331422e-01
3.927192995437755463e-01
2.893599441126719629e-01
4.792820414574957555e-01
1.660306746087230056e-01
-1.521559201735314559e+00
-1.557856180443456751e+00
-1.537965804629634725e+00
2.507823593091429437e-02
7.328924524151725350e-02
-3.204892919796722417e-01
-1.453650626260957646e+00
-1.415164831579007299e+00
-1.481173515850602085e+00
-1.424635375125497871e+00
-1.453650626260957646e+00
-1.482974334471369282e+00
7.328924524151725350e-02
5.895166983642129432e-01
1.385910131412342317e-01
2.129259742112310505e+00
2.024338476917670882e+00
1.858720448746658871e+00
7.387751059354787930e-01
6.306846065164287696e-01
8.797829767256613032e-01
4.400812710605507050e+00
4.129868121450802398e+00
4.221869526739419953e+00
5.455661886706658414e+00
5.359006966642105851e+00
5.413714223346637766e+00
4.300123419065445818e-01
2.657640669094868957e-01
1.823350607467058293e-01
2.572078165234279901e+00
2.355012737217409668e+00
2.654376263946219616e+00
3.893430464588288231e+00
3.829593594469808515e+00
4.129851588784050342e+00
-1.452305642144742004e+00
-1.527398840653183987e+00
-1.546461185855704690e+00
-1.143724843396115354e+00
-1.037522379387926685e+00
-8.594600100777203266e-01
1.393634454526733402e+00
1.554107137645245107e+00
1.094549459784823542e+00
1.799000510089663329e+00
1.832825274319405340e+00
1.723887128919046496e+00
-7.844519562901459686e-01
-7.436251255093098145e-01
-8.310749910554153796e-01
9.141246203981399088e-01
9.709172448345035900e-01
1.037896224167567549e+00
-1.292192834708951743e+00
-1.275550383722392489e+00
-1.236844944329414941e+00
1.980553909444193073e+00
1.799000510089663329e+00
1.865237532405419119e+00
-1.275550383722392489e+00
-1.338289588609328229e+00
-1.283070739496389390e+00
2.887032698045463697e+00
2.790894186442896441e+00
2.976377773542256744e+00
-1.599290722284637534e+00
-1.615454605688573686e+00
-1.627819818064242252e+00
2.951966294372876387e-02
-4.407161458995645376e-02
9.664576132509292150e-02
5.098250077905971400e-01
4.238025234484825710e-01
5.095000211345029895e-02
-3.046233968990847973e-01
-3.803836545202304298e-01
5.095000211345029895e-02
2.416351667509799572e-01
1.032842175184054412e-01
3.036337152073311785e-01
2.604204730776986221e+00
2.687887419712875481e+00
3.000270559389239811e+00
2.071070907685132134e+00
2.604204730776986221e+00
2.366151442612752120e+00
-1.103080108673211601e+00
-8.986554629243059811e-01
-1.011007807960928595e+00
4.205548246554574376e+00
4.147934540337701037e+00
4.016878183698019633e+00
5.617405867871882563e+00
5.564100452352273685e+00
5.601531152565416782e+00
2.596945385173187404e+00
2.746861625728726608e+00
2.736124219128494239e+00
4.915360746500478939e+00
4.752043091287704080e+00
5.009451063779469138e+00
-6.842787679994799532e-02
-9.408241660336996715e-02
4.148057005193023228e-02
-1.597386776853509271e+00
-1.594961871722086144e+00
-1.624755874043021242e+00
-1.630539423774850505e+00
-1.643737528938570058e+00
-1.654371900660578376e+00
-1.527398840653183987e+00
-1.430362532446817880e+00
-1.548963410072757840e+00
-1.618074964959680617e+00
-1.647562423559196798e+00
-1.609154071819657306e+00
1.360279161475802079e+00
1.266091260384029304e+00
1.459552207942788504e+00
-9.803866631165651935e-01
-1.033653458419471427e+00
-1.084097774147818383e+00
4.652830661401765155e+00
4.734061198452445218e+00
4.547224801147224937e+00
5.602797416510236772e+00
5.551977624268179312e+00
5.564261547120133322e+00
8.644023501852062807e-01
6.649337256370196902e-01
7.494387745000206102e-01
2.105191224710324605e+00
1.886654131998849904e+00
2.013304176066018414e+00
5.211667294787027060e+00
5.157529076184545147e+00
5.261768173397709525e+00
3.053583465982576239e+00
3.061235518619145779e+00
2.908314430613684554e+00
-1.145120382171503692e+00
-1.232263650886805229e+00
-1.216613708485267065e+00
5.417830741758765001e+00
5.319587929717350505e+00
5.379692935916208896e+00
4.439423994762789150e+00
4.837863762285689262e+00
4.592675498531500367e+00
5.459940299319697488e+00
5.417830741758765001e+00
5.501861749961781456e+00
3.044087209473127054e+00
3.211026164059970434e+00
3.053583465982576239e+00
4.741274130680622534e+00
4.652830661401765155e+00
4.575838704412122482e+00
4.915928221295986056e+00
4.741274130680622534e+00
4.835601014819504329e+00
3.137113525861280117e+00
3.227467383971981185e+00
3.359751704248397530e+00
2.720343713849938894e+00
2.810514876868392964e+00
2.790894186442896441e+00
-1.602351626889558123e+00
-1.585749842793950037e+00
-1.599290722284637534e+00
-9.770596027886863100e-02
-3.105398139870518825e-02
-4.407161458995645376e-02
-1.502462610140730126e+00
-1.521559201735314559e+00
-1.480408812800002138e+00
-4.806808660356249874e-01
-1.703802584797158293e-01
-2.457725349964606787e-01
-1.703802584797158293e-01
-2.133347716249209824e-01
5.588570316564134277e-02
5.333027003695176127e+00
5.209943968008476034e+00
5.266609955919473229e+00
-8.367259895170910955e-01
-7.632296664945006359e-01
-6.241838078139969603e-01
5.200630137982485302e+00
5.261673689039243484e+00
5.146912563186761602e+00
4.666258273685360614e+00
4.621417734687839562e+00
4.466582963910046722e+00
4.621417734687839562e+00
4.852318605146056285e+00
4.669429284589437401e+00
5.261673689039243484e+00
5.407157865363599214e+00
5.356094022378434794e+00
-1.641386995424851447e+00
-1.589893695327202927e+00
-1.541415491974687413e+00
4.221799932103254882e+00
4.439423994762789150e+00
4.011902772134090078e+00
-1.596470404814119837e+00
-1.621309425725362630e+00
-1.636609686263343022e+00
-2.061185224653674375e-01
-9.335554483875346810e-02
-9.408241660336996715e-02
-3.187942629318809007e-01
-2.061185224653674375e-01
-3.012231936413378164e-01
-1.648201828130927415e+00
-1.653801425264542102e+00
-1.656281238336134276e+00
-1.309627236113208859e+00
-1.362273828828681310e+00
-1.335680509269141947e+00
2.657640669094868957e-01
3.670517760413670172e-01
1.475334821753863657e-01
2.450511342240325519e+00
2.572078165234279901e+00
2.718996372907574788e+00
2.180864269073411688e+00
1.911221858126987971e+00
2.157839048071313659e+00
4.473589316015871731e+00
4.400812710605507050e+00
4.547224801147224937e+00
1.805774742607274552e+00
2.053657510777071593e+00
1.956844551105615393e+00
-1.625392209867409843e+00
-1.648201828130927415e+00
-1.636577200769591789e+00
1.112586901176074061e+00
1.196016199937452118e+00
1.266091260384029304e+00
2.611614772605341805e-02
-1.582742666967023037e-01
-1.399123283827794495e-01
-7.885698405749952400e-01
-8.229703729720203587e-01
-6.721306320858676520e-01
9.226736220016279466e-02
1.004986326704710553e+00
6.977553169304256953e-01
2.842429443133400735e+00
2.219507541789260685e+00
1.984296294283928841e+00
2.424185267895830442e+00
2.537124844247206745e+00
2.375382247934945568e+00
-9.194405991617899954e-01
-9.759881370271245027e-01
-8.790633580805211622e-01
-1.621309425725362630e+00
-1.594382007924154632e+00
-1.630539423774850505e+00
4.267968408908520139e+00
4.716507159505029634e+00
3.710303911107517116e+00
4.201904183106337953e+00
4.988530284066067466e+00
5.168667809191766160e+00
5.319650362059713977e+00
5.500075354266160232e+00
5.621355364418246126e+00
5.551977624268179312e+00
5.555674978858074375e+00
5.510533252592427544e+00
1.373076136469707720e+00
1.628336442434061837e+00
1.589012510174991455e+00
1.149268749863148642e+00
1.373076136469707720e+00
1.160356478701643379e+00
1.334153839067604874e+00
1.149268749863148642e+00
1.075254689884585613e+00
5.273010904770705221e-01
7.236615519591376167e-01
5.151467889986018900e-01
5.408368982241280598e+00
5.514751949867002345e+00
5.524182165163173508e+00
3.252929557309993225e+00
3.408028892185275716e+00
3.322639589103139279e+00
3.346484737171606660e-01
4.591436146876203273e-01
3.678794411714594315e-01
2.335071060142134947e+00
2.483209944356515653e+00
2.449520056020754843e+00
-1.657250615136339977e+00
-1.652809433321705157e+00
-1.655644906855932463e+00
-3.634105695996558416e-01
-2.544917332134130072e-01
-3.030995044532099891e-01
-1.537302751147493041e+00
-1.495447734893483371e+00
-1.519485782594833800e+00
3.061235518619145779e+00
3.207707917659569752e+00
3.071475743898829602e+00
3.794365754574537064e+00
3.952454189781129834e+00
3.953745903382772653e+00
-9.360291490985969132e-01
-8.888936047293996001e-01
-9.803866631165651935e-01
-2.778596821162748753e-02
-3.003630713384036754e-01
-2.457725349964606787e-01
-1.406731873983386061e+00
-1.407599074753898005e+00
-1.447516083165941492e+00
3.675477528234918800e+00
3.664077461765661070e+00
3.554342018989895102e+00
5.123852629835654149e+00
5.263710983724001480e+00
5.009451063779469138e+00
-1.147074039689633285e+00
-9.892154471106038294e-01
-1.144402321341509321e+00
3.467994059472106372e+00
2.842429443133400735e+00
3.710303911107517116e+00
-6.353026326471731267e-01
-6.848262913911855598e-01
-7.590792196146960435e-01
1.363959636683540477e-01
6.834099378543534442e-02
2.463025542443630922e-01
5.466987301466145865e+00
5.455661886706658414e+00
5.510533252592427544e+00
2.247337283016181408e-01
-1.000912264297067811e+00
-1.625710767979209770e+00
-1.194683850412268988e+00
-1.056183748766527764e+00
-1.156594356198303863e+00
3.829593594469808515e+00
3.420889560648263661e+00
3.665349250456446661e+00
3.420889560648263661e+00
3.322853019926305773e+00
3.170814704147344898e+00
-1.538669624100432731e+00
-1.549600412569869912e+00
-1.617902941773149417e+00
-1.549600412569869912e+00
-1.449111656907336343e+00
-1.549550854311743553e+00
5.664883279252823201e+00
5.641373005545713859e+00
5.664332268504686851e+00
5.660691890910492852e+00
5.664883279252823201e+00
5.663091527076792531e+00
4.195134058052596870e+00
4.473589316015871731e+00
4.359108016532096563e+00
1.460217530142331466e+00
1.375483085666119543e+00
1.260711393612552023e+00
4.548421343956428942e+00
4.253927129067362145e+00
4.359108016532096563e+00
1.196016199937452118e+00
1.002869333971577293e+00
1.174601890066184762e+00
1.739167112307379970e+00
1.535238227368819652e+00
1.558223752809386298e+00
1.363317639781738810e+00
1.162749094607999911e+00
1.146428524356611689e+00
1.162749094607999911e+00
1.364161158224353132e+00
1.174601890066184762e+00
1.571632292929385999e+00
1.363317639781738810e+00
1.585842675287238102e+00
1.364161158224353132e+00
1.571632292929385999e+00
1.558223752809386298e+00
3.570663060266625610e+00
3.893430464588288231e+00
3.903432859265911326e+00
4.457466640565906246e+00
4.290810152024718604e+00
4.070676848209830112e+00
4.290810152024718604e+00
4.549684989197302798e+00
4.229353127658952438e+00
4.661842605501325565e+00
4.548421343956428942e+00
4.739380156200870609e+00
2.866972216057832590e+00
3.160373489207209285e+00
3.128553052356413566e+00
-1.433249541504158620e+00
-1.618074964959680617e+00
-1.323847442993355772e+00
-1.647562423559196798e+00
-1.656834042510790805e+00
-1.568399806808259189e+00
-2.496659781213667051e-02
1.244848451694623437e-01
1.823350607467058293e-01
2.767007472235960996e+00
2.736124219128494239e+00
2.908314430613684554e+00
5.619921593885639055e+00
5.551037749821436940e+00
5.524182165163173508e+00
5.404650474559197448e+00
5.664991375462703260e+00
5.652244170680582158e+00
-9.645997239759918074e-02
-2.922579711979117478e-01
-1.687466680744974523e-01
3.310081300975447505e+00
3.043397306429253213e+00
3.128553052356413566e+00
7.794886945461564354e-01
8.594503913078989088e-01
7.685605608620034168e-01
8.594503913078989088e-01
9.940739163978553616e-01
9.709172448345035900e-01
-7.134165539880219509e-01
-6.612219819156556211e-01
-6.424147735364673650e-01
-8.105826001062956809e-01
-7.134165539880219509e-01
-7.844519562901459686e-01
6.626733514261364810e-01
1.088961536657217399e+00
7.373590889098716739e-01
5.601372320103649827e+00
5.631432378772553093e+00
5.640496696749635497e+00
5.308201808867587523e+00
5.246110844938887574e+00
5.084425286747283224e+00
5.472194765508665348e+00
5.308201808867587523e+00
5.353121248154689482e+00
-1.015708704949362051e+00
-1.152489219669382337e+00
-1.070727420109021555e+00
-1.462946213930960582e+00
-1.513945809582169177e+00
-1.478624880388490714e+00
3.211026164059970434e+00
3.354748719202837126e+00
3.341401704858176558e+00
5.660544643439367363e+00
5.664168257075111512e+00
5.664332268504686851e+00
5.664168257075111512e+00
5.652090053271797032e+00
5.640496696749635497e+00
3.425861456334857724e-01
3.048907473910880128e-01
5.588570316564134277e-02
4.559068072178245501e+00
4.577280476772513929e+00
4.672027817135182559e+00
-3.504355185119923943e-01
-4.640995742885555275e-01
-3.826096015297509867e-01
-1.447516083165941492e+00
-1.491600426694864368e+00
-1.495450628758087985e+00
3.554342018989895102e+00
3.380159526388165858e+00
3.374205189503273417e+00
5.082201836583255528e+00
4.813938334425227339e+00
4.724184499024872252e+00
-3.826096015297509867e-01
-3.581001638920259245e-01
-2.351615901583930524e-01
-3.581001638920259245e-01
-4.605923597230893174e-01
-3.012231936413378164e-01
-1.508105307612866319e+00
-1.495450628758087985e+00
-1.545608324747012263e+00
-1.461391210822992726e+00
-1.508105307612866319e+00
-1.522107583748530502e+00
5.407157865363599214e+00
5.372058752438528373e+00
5.459857882200915391e+00
5.372058752438528373e+00
5.200630137982485302e+00
5.259748707766853215e+00
6.289342481582351763e-01
7.215883026247883469e-01
7.794886945461564354e-01
-1.582742666967023037e-01
-1.379556349202228915e-01
-3.109806708570825862e-01
-4.783705935160559308e-01
-4.668681197054378451e-01
-3.109806708570825862e-01
2.846277961983196381e+00
3.523284536231587882e+00
3.547205301973879621e+00
4.787468020058849305e+00
4.759014339430509999e+00
4.672027817135182559e+00
6.834099378543534442e-02
-1.027714406663045033e-01
5.671981238759560284e-03
-4.977404811313448363e-01
-6.353026326471731267e-01
-5.838888569237050685e-01
9.203052887062672660e-01
7.097915468212994128e-01
1.094549459784823542e+00
1.446090592494272187e+00
1.180141576399269976e+00
1.416262457557716736e+00
4.757866456650065246e+00
4.571399653014128539e+00
4.667203373202605476e+00
1.375483085666119543e+00
1.635628161155432192e+00
1.416262457557716736e+00
-1.652051024511617339e+00
-1.654850635513981150e+00
-1.617902941773149417e+00
6.044277204148641447e-01
4.017447612977376181e-01
5.151467889986018900e-01
4.017447612977376181e-01
3.242303129888404190e-01
2.519720595532997098e-01
5.638448916985680626e+00
5.660989872818428914e+00
5.651791116100959300e+00
1.629378225454891194e+00
1.557019026622799895e+00
1.474779346202533592e+00
-1.160193450736374476e+00
-1.191345163950830344e+00
-1.097991157265174600e+00
3.182749892109730805e+00
2.571908538797650579e+00
2.850614897867096875e+00
2.571908538797650579e+00
2.345478078905571362e+00
2.087707565462310733e+00
5.359006966642105851e+00
5.337528365378876316e+00
5.281614863371109081e+00
-1.056183748766527764e+00
-9.920661722775556690e-01
-9.307754729304075214e-01
6.449223828698836813e-01
7.059337298940824290e-01
8.447871408927207781e-01
4.135184381907295315e-01
6.449223828698836813e-01
5.652593961459746463e-01
5.280539691080067044e+00
5.142420482722645403e+00
5.150322247381672547e+00
5.644657800840142237e+00
5.651416330188339998e+00
5.663091527076792531e+00
1.244848451694623437e-01
-2.778596821162748753e-02
2.187820036367297272e-01
1.633655881154128853e+00
1.891175211749221763e+00
1.628336442434061837e+00
-1.637411836376476471e+00
-1.610046783348227262e+00
-1.636577200769591789e+00
-1.630383097822977412e+00
-1.637411836376476471e+00
-1.648301016682712339e+00
3.775209228954263807e+00
3.521516516830021537e+00
3.697016382925862210e+00
5.255367870605862635e+00
5.123852629835654149e+00
5.031936854862436803e+00
2.226107071396630666e+00
1.963539037293355882e+00
1.956844551105615393e+00
1.423382814537989538e-01
1.516460053382325535e-01
4.148057005193023228e-02
-1.263182335415620638e+00
-1.112200341373488666e+00
-1.147074039689633285e+00
-7.311506998968353432e-01
-8.339007851722458620e-01
-8.336379388209189667e-01
1.021780299354604793e+00
8.528536679309695057e-01
1.005381507496497795e+00
-1.655158297497998143e+00
-1.657283359499063469e+00
-1.656281238336134276e+00
2.392941707414282249e+00
2.381498406373018017e+00
2.230057924218099341e+00
1.602349791108568677e+00
1.633655881154128853e+00
1.334153839067604874e+00
-1.567647226020430828e+00
-1.535582391199205476e+00
-1.537965804629634725e+00
2.810514876868392964e+00
2.827924809888973989e+00
2.901613911320840344e+00
-3.105398139870518825e-02
-1.799369487887797492e-02
3.870484875805435543e-02
-1.605614505415468907e+00
-1.602351626889558123e+00
-1.617498346162429712e+00
3.710536499908903885e+00
3.903432859265911326e+00
4.069595882021795674e+00
-1.640003453680740186e+00
-1.647203188639551508e+00
-1.621228091175860309e+00
-1.647203188639551508e+00
-1.656008819674072985e+00
-1.656340699502515390e+00
5.541650903399867545e+00
5.601372320103649827e+00
5.564015074719168119e+00
2.224619239356268707e+00
2.329512358260143579e+00
2.624647869282505042e+00
5.527827501248950171e+00
5.573786254681323271e+00
5.629981716530006786e+00
3.951264937494130880e+00
3.697016382925862210e+00
3.660616565910507880e+00
2.053657510777071593e+00
2.083406403343262436e+00
2.230057924218099341e+00
-1.657283359499063469e+00
-1.650480402657843682e+00
-1.657208877102000821e+00
2.329512358260143579e+00
1.928161736294773165e+00
2.394854463564596969e+00
-1.237261562503265244e+00
-1.389557317957230254e+00
-1.143724843396115354e+00
5.606194388104401405e+00
5.654722115983987329e+00
5.583746788922884008e+00
5.573786254681323271e+00
5.472194765508665348e+00
5.583746788922884008e+00
5.645837459386704893e+00
5.601211714038417000e+00
5.633521889272036454e+00
2.186610560887481292e+00
2.426425307242202400e+00
2.062428308332739491e+00
1.743009572468676049e+00
9.085472555006082196e-01
2.630707294625910908e+00
-1.861248330706382070e-01
1.743009572468676049e+00
4.159807730158735950e+00
2.381498406373018017e+00
2.662521591282684508e+00
2.492606223399366883e+00
-8.183880273727945909e-01
-9.307754729304075214e-01
-7.553964009719154049e-01
4.410940358162537933e+00
4.559068072178245501e+00
4.509912908727789826e+00
4.188797946771173564e+00
3.456384320813321143e+00
3.547205301973879621e+00
3.294464147097729612e+00
3.270831534571454924e+00
3.000270559389239811e+00
3.270831534571454924e+00
3.710536499908903885e+00
3.412903095894153971e+00
-1.133239791400433294e+00
-1.337868890393403953e+00
-1.237261562503265244e+00
4.759014339430509999e+00
4.894756913222467531e+00
4.785414577727234331e+00
-5.422995065436404527e-01
-7.261659756407962130e-01
-8.594600100777203266e-01
1.743603707542985770e+00
1.805774742607274552e+00
1.635628161155432192e+00
-1.656834042510790805e+00
-1.618745729490549179e+00
-1.657079515705440764e+00
3.507914403523956448e+00
3.268456649574012829e+00
3.418209617469023520e+00
5.511284489665795761e+00
5.365467852638293955e+00
5.548862742885667387e+00
5.207077813626145080e+00
5.313228854749288743e+00
5.261513413110267656e+00
1.004986326704710553e+00
1.500313302680534200e+00
1.984296294283928841e+00
-1.650480402657843682e+00
-1.638448765993436806e+00
-1.639317144166091866e+00
-1.146542113803493468e+00
-1.426241808284911983e+00
-1.609154071819657306e+00
3.207707917659569752e+00
3.388321545159043602e+00
3.374205189503273417e+00
-1.519514948300555890e+00
-1.544769690543456697e+00
-1.481173515850602085e+00
-1.544769690543456697e+00
-1.593859870358894648e+00
-1.565402484058817656e+00
4.406691775839308711e+00
4.272562710443791545e+00
4.069595882021795674e+00
7.097915468212994128e-01
3.425861456334857724e-01
4.238025234484825710e-01
-1.018709783347456765e+00
-9.194405991617899954e-01
-9.188367628494003014e-01
2.815627653353451443e+00
3.332119853697660616e+00
3.219196397406941301e+00
3.332119853697660616e+00
3.467994059472106372e+00
3.912081960676478509e+00
-3.248761626576848194e-01
-8.137735699167223391e-01
-7.375724645264153390e-01
5.627190766633090035e+00
5.602797416510236772e+00
5.637215336231990115e+00
4.238051238039749258e+00
4.424320367499909423e+00
4.327160571439512715e+00
1.689370977149769359e+00
1.460217530142331466e+00
1.565690003959323118e+00
1.302014946816368202e+00
1.360279161475802079e+00
1.474779346202533592e+00
-1.033653458419471427e+00
-1.006601622353923586e+00
-1.097991157265174600e+00
4.402281033445730074e+00
4.504228595164811999e+00
4.575838704412122482e+00
1.305133779002015659e+00
1.440961870613303386e+00
1.363687089494865612e+00
-1.086280444262540890e+00
-1.005388093680664507e+00
-1.041146623174168173e+00
-1.520526633103423508e+00
-1.579120742343234518e+00
-1.555910649833790460e+00
3.977238572690709795e+00
3.996756725283872935e+00
4.095592054198879950e+00
-1.618745729490549179e+00
-1.485265861022575296e+00
-1.517403644895985781e+00
-1.592883914832129655e+00
-1.615978169864474845e+00
-1.597732308219065533e+00
-1.615978169864474845e+00
-1.630383097822977412e+00
-1.631954388926421862e+00
-1.485265861022575296e+00
-1.433249541504158620e+00
-1.223051192107806440e+00
4.154140945051473466e+00
4.238051238039749258e+00
4.069523420423439397e+00
-3.759718300801624391e-01
-5.035123126287065487e-01
-4.331208123587322323e-01
-1.315926852683834358e+00
-1.452305642144742004e+00
-1.367529387098986859e+00
4.577280476772513929e+00
4.426593631227663472e+00
4.550524415352422913e+00
-2.496979190730272413e-01
-2.496659781213667051e-02
-1.687466680744974523e-01
6.158496622393646591e-01
8.820277101448842361e-01
7.268788772587905234e-01
4.902376725897422460e+00
4.859534610328804405e+00
5.043029968225569704e+00
4.859534610328804405e+00
4.604673795262702818e+00
4.756652970976490202e+00
-1.527905837023983526e+00
-1.596470404814119837e+00
-1.549550854311743553e+00
1.500313302680534200e+00
2.247337283016181408e-01
2.934035029306099496e+00
-1.607956425019734681e+00
-1.631153824330332514e+00
-1.622094903811147626e+00
4.938979980613185994e+00
4.787468020058849305e+00
4.854549839628617747e+00
-1.426241808284911983e+00
-1.861248330706382070e-01
-1.625710767979209770e+00
2.219507541789260685e+00
2.323791683065832281e+00
1.755545840882546393e+00
4.531189926319182604e+00
4.684887151602191047e+00
4.550524415352422913e+00
1.475334821753863657e-01
1.296974871379960870e-01
3.041167203265982000e-02
-9.335554483875346810e-02
-9.645997239759918074e-02
3.041167203265982000e-02
3.043397306429253213e+00
3.044087209473127054e+00
2.873239857855614421e+00
2.746861625728726608e+00
2.718996372907574788e+00
2.873239857855614421e+00
4.345535413709356476e+00
4.661842605501325565e+00
4.566683360541981429e+00
4.413171979220056329e+00
4.205548246554574376e+00
4.286845486158856744e+00
-1.147547985652742630e+00
-1.213712868170268910e+00
-1.221797219525992073e+00
-1.077595606895449754e+00
-1.147547985652742630e+00
-1.094662737818610010e+00
-1.159013684492485652e+00
-1.061787662176817193e+00
-1.125709650397751505e+00
-1.193417009772385518e+00
-1.159013684492485652e+00
-1.245607559468525860e+00
2.671624349099039897e+00
2.609197174450160972e+00
2.537124844247206745e+00
-1.654850635513981150e+00
-1.641386995424851447e+00
-1.657079515705440764e+00
4.118308352930373673e+00
4.256375388731825637e+00
4.252832834955865060e+00
2.123773875327713334e+00
2.105191224710324605e+00
2.247327933484430051e+00
1.950286557209392369e+00
2.123773875327713334e+00
2.084840965775369703e+00
6.649337256370196902e-01
6.464749576068902215e-01
5.388874285026497013e-01
6.464749576068902215e-01
8.019307136824318505e-01
6.785095186003077261e-01
4.604489787397483269e+00
4.770535285924395907e+00
4.666258273685360614e+00
4.770535285924395907e+00
4.902376725897422460e+00
4.939286400202924199e+00
-1.555397722022462847e+00
-1.587748512070320750e+00
-1.604913199914780542e+00
3.793732494674378675e+00
3.775209228954263807e+00
3.969395431993129719e+00
-1.338037681398133838e+00
-1.405076318809158398e+00
-1.362964927239171065e+00
-1.639327853986739303e+00
-1.646831835569828151e+00
-1.631153824330332514e+00
-1.643737421162114964e+00
-1.626976091004187719e+00
-1.633966874372329015e+00
-1.539585245532606450e-01
-3.962111417287067505e-02
-8.849646428466884096e-02
2.969922436077525596e+00
3.122552815377103386e+00
3.026512833396605817e+00
2.646281032729726146e+00
2.796898128758375179e+00
2.735229392794799708e+00
9.164762406543519591e-02
2.104043186470891391e-01
1.355382175598192629e-01
-1.600347029140345656e+00
-1.569912669786485582e+00
-1.588182154680112035e+00
-1.799369487887797492e-02
-1.399373754977593087e-01
-6.842787679994799532e-02
-1.575425121946279816e+00
-1.605614505415468907e+00
-1.594961871722086144e+00
4.253927129067362145e+00
4.345535413709356476e+00
4.129851588784050342e+00
5.191235295883400713e-01
5.449714240794097941e-01
4.591436146876203273e-01
3.481261827072156478e+00
3.544899902517649082e+00
3.408028892185275716e+00
-1.655452447583967368e+00
-1.656952861376065123e+00
-1.657250615136339977e+00
2.232487344668248053e+00
2.255469639980558938e+00
2.335071060142134947e+00
-1.472366255285169956e+00
-1.453003782702654512e+00
-1.495447734893483371e+00
-4.554073888003875026e-01
-4.134303055542504213e-01
-3.634105695996558416e-01
-1.008902648712231009e-01
-2.383019408423805441e-01
-1.762089040697469855e-01
1.886654131998849904e+00
1.842858495837303767e+00
1.739167112307379970e+00
9.041039569987652236e-01
8.644023501852062807e-01
1.002869333971577293e+00
5.662468879049188608e+00
5.665215047001600723e+00
5.655849255562660716e+00
5.555674978858074375e+00
5.608159890747589138e+00
5.576902905061501770e+00
2.650588312893988885e+00
2.866972216057832590e+00
2.654376263946219616e+00
-1.399373754977593087e-01
-1.793192888853775702e-01
-2.351615901583930524e-01
-1.562214056310532673e+00
-1.575425121946279816e+00
-1.545608324747012263e+00
9.249776094818084049e-01
1.112586901176074061e+00
1.005381507496497795e+00
2.323791683065832281e+00
2.815627653353451443e+00
2.394854463564596969e+00
2.351029541552796864e+00
2.235767128813542115e+00
2.375382247934945568e+00
5.484556381123520952e-01
4.167933367623529728e-01
3.927192995437755463e-01
1.469486748775256757e+00
1.380501532636344120e+00
1.184574582972343304e+00
1.770489138765255044e+00
1.469486748775256757e+00
1.557779692155591311e+00
2.685722723825343383e-01
-3.248761626576848194e-01
1.385910131412342317e-01
3.822318006765398124e+00
3.977238572690709795e+00
3.922523548413995975e+00
1.296974871379960870e-01
2.518725305413201943e-01
1.423382814537989538e-01
2.345478078905571362e+00
2.846277961983196381e+00
2.217157824854395720e+00
1.620767828934670973e+00
1.818923567331532709e+00
1.733299258770052420e+00
1.535238227368819652e+00
1.620767828934670973e+00
1.459552207942788504e+00
3.388321545159043602e+00
3.341401704858176558e+00
3.524070440046515706e+00
5.381858852046679687e+00
5.466987301466145865e+00
5.443960892558473930e+00
-3.743509043980009499e-01
-4.620148750466305798e-01
-2.922579711979117478e-01
4.785671208085142680e+00
5.319650362059713977e+00
4.988530284066067466e+00
3.880878734500480487e+00
3.707936205932371720e+00
3.793732494674378675e+00
-8.157979108111338418e-01
-8.590970702068734255e-01
-7.665608979579159321e-01
-8.590970702068734255e-01
-9.682059436408976261e-01
-9.188367628494003014e-01
-5.664852977532218725e-01
-5.264429280930448263e-01
-4.605923597230893174e-01
-1.409264759409299961e+00
-1.331273809175234746e+00
-1.381240710669231930e+00
-1.420737652401846685e+00
-1.409264759409299961e+00
-1.461391210822992726e+00
-6.835231303016676696e-01
-5.664852977532218725e-01
-6.137760942187487911e-01
4.129868121450802398e+00
4.195134058052596870e+00
3.992042197572881257e+00
-8.888936047293996001e-01
-7.786939391120377696e-01
-8.336379388209189667e-01
5.464433653669209079e+00
5.530159408843960733e+00
5.532675793726544278e+00
5.530159408843960733e+00
5.508617943125459604e+00
5.564100452352273685e+00
-1.535582391199205476e+00
-1.545331252947051093e+00
-1.513945809582169177e+00
1.832825274319405340e+00
1.973398138678243541e+00
1.895444502200418491e+00
-1.353977744494796465e+00
-1.292192834708951743e+00
-1.318374728410186325e+00
-7.436251255093098145e-01
-6.472395545114533189e-01
-6.989409967645561217e-01
7.847827607623905077e-01
9.141246203981399088e-01
8.537703496247222024e-01
5.419295110177986707e+00
5.489427602406511397e+00
5.551710234341716621e+00
5.489427602406511397e+00
5.418160421880405586e+00
5.539168620041139413e+00
4.813938334425227339e+00
4.781876730559106115e+00
4.299357336497555693e+00
-1.168763383756812546e+00
-1.125709650397751505e+00
-1.084097774147818383e+00
-1.261416920581456269e+00
-1.168763383756812546e+00
-1.219522905026293458e+00
6.351853816435684141e-01
6.470063053870033221e-01
4.561960386690923075e-01
9.273315773040019527e-01
6.351853816435684141e-01
7.268788772587905234e-01
5.381494687839959212e+00
5.464433653669209079e+00
5.376380131134045115e+00
5.421240700126315204e+00
5.381494687839959212e+00
5.333027003695176127e+00
4.213519741729378154e+00
3.951264937494130880e+00
4.229353127658952438e+00
3.664077461765661070e+00
3.794365754574537064e+00
3.677762018215516626e+00
-1.407599074753898005e+00
-1.355483549810752475e+00
-1.398530263415902919e+00
3.242303129888404190e-01
4.726589115653978546e-01
3.036337152073311785e-01
3.996756725283872935e+00
3.840384620344674982e+00
3.965676894476881209e+00
-1.648209373455815641e+00
-1.639327853986739303e+00
-1.631954388926421862e+00
1.963539037293355882e+00
2.124363940982964216e+00
1.833144822561822096e+00
5.543341137801008678e+00
5.432967105321124812e+00
4.159807730158735950e+00
3.521516516830021537e+00
3.406269928546069803e+00
3.310081300975447505e+00
-1.344344419531012580e+00
-1.374170261610845545e+00
-1.415164831579007299e+00
-1.243554625372678357e+00
-1.344344419531012580e+00
-1.297685687106285624e+00
5.108102042245676877e-01
2.685722723825343383e-01
1.142095429477439916e+00
2.635678247433004273e+00
2.392941707414282249e+00
2.483203674685915185e+00
5.601211714038417000e+00
5.553709618982326290e+00
5.532675793726544278e+00
5.664991375462703260e+00
5.543341137801008678e+00
5.168667809191766160e+00
-9.892154471106038294e-01
-8.367259895170910955e-01
-8.594402947811948801e-01
1.891175211749221763e+00
2.224619239356268707e+00
2.160278158447276109e+00
1.657559990896316338e+00
1.741349571075945679e+00
1.922525818896788863e+00
2.083406403343262436e+00
1.846056599361314943e+00
2.017792723683655698e+00
2.827924809888973989e+00
2.671624349099039897e+00
2.767007472235960996e+00
2.426425307242202400e+00
2.775811367532254881e+00
2.687887419712875481e+00
5.192865123226512170e-01
2.893599441126719629e-01
2.385057132394277080e-01
5.508617943125459604e+00
5.421240700126315204e+00
5.469530054732560487e+00
5.432967105321124812e+00
4.267968408908520139e+00
2.934035029306099496e+00
-1.486037632446929546e+00
-1.555397722022462847e+00
-1.519514948300555890e+00
5.633766665721504197e+00
5.606194388104401405e+00
5.551710234341716621e+00
-9.759881370271245027e-01
-1.077231833292893182e+00
-1.038565623731023013e+00
2.089529724492941387e+00
2.232487344668248053e+00
2.169611802624307639e+00
-1.646831835569828151e+00
-1.655452447583967368e+00
-1.652061776947452820e+00
-5.580355255525555336e-01
-4.554073888003875026e-01
-5.070255233089225877e-01
5.449714240794097941e-01
6.705725850108978925e-01
6.075541793957880410e-01
3.544899902517649082e+00
3.700716654977017850e+00
3.622132830265350378e+00
-1.453003782702654512e+00
-1.400625086961933219e+00
-1.429119568802474038e+00
4.560870246001075046e+00
4.531189926319182604e+00
4.411792690205723844e+00
4.775960053549377804e+00
4.560870246001075046e+00
4.669429284589437401e+00
4.504228595164811999e+00
4.413171979220056329e+00
4.571399653014128539e+00
3.907427574978759033e+00
3.636441322695582734e+00
4.011902772134090078e+00
3.636441322695582734e+00
3.209887271315259305e+00
3.219196397406941301e+00
5.246056207508804192e+00
5.201196973226331899e+00
5.043134725688059206e+00
3.122552815377103386e+00
3.202176017028952604e+00
3.252929557309993225e+00
2.104043186470891391e-01
2.950251952989317861e-01
3.346484737171606660e-01
-1.649868433214249919e+00
-1.643737421162114964e+00
-1.652809433321705157e+00
2.535172548778486856e+00
2.646281032729726146e+00
2.483209944356515653e+00
-1.569912669786485582e+00
-1.551541505894383111e+00
-1.537302751147493041e+00
-2.127014276558081285e-01
-1.539585245532606450e-01
-2.544917332134130072e-01
3.153354414946469841e+00
3.073972027567529519e+00
3.268456649574012829e+00
5.379692935916208896e+00
5.280539691080067044e+00
5.376380131134045115e+00
4.792509915306639279e+00
4.915360746500478939e+00
5.084425286747283224e+00
-1.453404767770831274e+00
-1.493092768796673298e+00
-1.520526633103423508e+00
2.766176317863981438e-01
4.135184381907295315e-01
2.187820036367297272e-01
-1.656008819674072985e+00
-1.651072837534079740e+00
-1.636609686263343022e+00
-1.594382007924154632e+00
-1.531786937540289717e+00
-1.555910649833790460e+00
3.641368391279252048e+00
3.671064517323156196e+00
3.524070440046515706e+00
3.671064517323156196e+00
3.881243406371278404e+00
3.757624118777714184e+00
-1.405076318809158398e+00
-1.446013319587819090e+00
-1.462946213930960582e+00
5.263710983724001480e+00
5.419295110177986707e+00
5.353121248154689482e+00
2.124363940982964216e+00
2.389851747797625769e+00
2.270662546055269182e+00
1.810245410772748809e+00
1.629378225454891194e+00
1.733299258770052420e+00
-1.191345163950830344e+00
-1.273984143454797602e+00
-1.219522905026293458e+00
8.297158374701357753e-01
6.274051702962932797e-01
7.275697285192640473e-01
-5.884380650387338596e-01
-7.231314154015945350e-01
-6.783472297943217155e-01
-1.324725287315307920e+00
-1.391590377970534975e+00
-1.356814945769298619e+00
3.707936205932371720e+00
3.641368391279252048e+00
3.541830262355499137e+00
1.336164738496992133e+00
1.248491261267350438e+00
1.106223843322816425e+00
4.837863762285689262e+00
5.112126226073943513e+00
5.171495718571122779e+00
-1.656525288718521560e+00
-1.655307497170673159e+00
-1.657208877102000821e+00
-1.655307497170673159e+00
-1.652117724617037542e+00
-1.648301016682712339e+00
5.540363555422692876e+00
5.541650903399867545e+00
5.488727855099123865e+00
-1.204174460775168320e+00
-1.194683850412268988e+00
-1.291446709212595412e+00
3.073972027567529519e+00
2.832389012861342703e+00
2.953352986883189146e+00
4.512065283912700231e+00
4.221799932103254882e+00
3.912081960676478509e+00
-1.364745606328439331e+00
-1.263182335415620638e+00
-1.368283372194247338e+00
-2.291898811702202110e-01
-3.806584175881200238e-01
-3.060432673523176828e-01
-1.545331252947051093e+00
-1.582074578053497715e+00
-1.564644252834460847e+00
5.608159890747589138e+00
5.627190766633090035e+00
5.638448916985680626e+00
3.380159526388165858e+00
3.439667628262966126e+00
3.276493983633293361e+00
-1.657287482646964571e+00
-1.656525288718521560e+00
-1.654022752762964732e+00
-3.709414765793356827e-01
-3.504355185119923943e-01
-2.930730010734781676e-01
-1.491600426694864368e+00
-1.483288095015599106e+00
-1.523273121999851876e+00
5.358086770687315870e-01
2.766176317863981438e-01
3.048907473910880128e-01
-1.651072837534079740e+00
-1.654525120739753774e+00
-1.652051024511617339e+00
-1.635605010616867805e+00
-1.615499743372256880e+00
-1.604913199914780542e+00
-1.615499743372256880e+00
-1.625392209867409843e+00
-1.593859870358894648e+00
5.651416330188339998e+00
5.625131834371114969e+00
5.655849255562660716e+00
3.439667628262966126e+00
3.588478710529078075e+00
3.481261827072156478e+00
-1.483288095015599106e+00
-1.435546378717086791e+00
-1.472366255285169956e+00
-1.654842270502545842e+00
-1.657287482646964571e+00
-1.656952861376065123e+00
-4.697896758783609572e-01
-3.709414765793356827e-01
-4.134303055542504213e-01
-2.133347716249209824e-01
-5.422995065436404527e-01
-3.046233968990847973e-01
2.030975945541321881e+00
2.089529724492941387e+00
1.973398138678243541e+00
2.105602631629659438e+00
2.030975945541321881e+00
1.980553909444193073e+00
-6.011596703882173820e-01
-5.580355255525555336e-01
-6.472395545114533189e-01
-5.461469350965842962e-01
-6.011596703882173820e-01
-6.424147735364673650e-01
7.246898710706386471e-01
6.463388440514159505e-01
7.685605608620034168e-01
-1.379297549298389658e+00
-1.389467167066667619e+00
-1.338289588609328229e+00
-1.400625086961933219e+00
-1.379297549298389658e+00
-1.353977744494796465e+00
6.705725850108978925e-01
7.246898710706386471e-01
7.847827607623905077e-01
5.553709618982326290e+00
5.585177414422612507e+00
5.501861749961781456e+00
5.170336295676576377e+00
4.648820031634505412e+00
4.781876730559106115e+00
4.774724574174593172e+00
4.457466640565906246e+00
4.592675498531500367e+00
4.866977485542826720e+00
4.774724574174593172e+00
5.014801442851203106e+00
-1.528024349831740736e+00
-1.502462610140730126e+00
-1.482974334471369282e+00
-9.205343578997691179e-01
-8.157979108111338418e-01
-8.229703729720203587e-01
6.214229991448600998e-01
6.158496622393646591e-01
4.726589115653978546e-01
5.276656175131005710e+00
5.420166047302766188e+00
5.342596508022696256e+00
5.239052095675505782e+00
5.276656175131005710e+00
5.133731637871970399e+00
5.622003997471873404e+00
5.660691890910492852e+00
5.650473975759599199e+00
5.041265338035152865e+00
4.512065283912700231e+00
4.915586401901804514e+00
1.928161736294773165e+00
1.602349791108568677e+00
1.554107137645245107e+00
3.972915147359187937e+00
3.880878734500480487e+00
4.069523420423439397e+00
-1.812728301802908337e-01
-2.291898811702202110e-01
-1.027714406663045033e-01
-3.806584175881200238e-01
-4.288380506234641398e-01
-4.977404811313448363e-01
-3.058195405176085124e-01
-1.812728301802908337e-01
-1.762089040697469855e-01
-4.288380506234641398e-01
-3.058195405176085124e-01
-4.331208123587322323e-01
-1.400837661191321803e+00
-1.361718141296039075e+00
-1.424635375125497871e+00
3.869394819839455657e+00
3.675477528234918800e+00
3.757624118777714184e+00
-1.335405348965210459e+00
-1.406731873983386061e+00
-1.381240710669231930e+00
-1.306808653533295228e+00
-1.335405348965210459e+00
-1.273984143454797602e+00
1.391897849459451386e+00
1.657559990896316338e+00
1.557779692155591311e+00
-1.389557317957230254e+00
-1.538669624100432731e+00
-1.517403644895985781e+00
1.738811659283599154e+00
1.996334483676315497e+00
2.071070907685132134e+00
5.112126226073943513e+00
5.041265338035152865e+00
5.403101165594950572e+00
-1.493092768796673298e+00
-1.452119195919994166e+00
-1.512217441570723464e+00
5.585177414422612507e+00
5.630045246548061044e+00
5.600052101591093567e+00
-1.242098344463731685e+00
-1.309627236113208859e+00
-1.213712868170268910e+00
-5.264429280930448263e-01
-5.884380650387338596e-01
-4.680041871308392443e-01
-1.391590377970534975e+00
-1.420737652401846685e+00
-1.452119195919994166e+00
3.322853019926305773e+00
3.570663060266625610e+00
3.294464147097729612e+00
-4.680041871308392443e-01
-3.743509043980009499e-01
-3.187942629318809007e-01
-7.231314154015945350e-01
-7.389236061760653396e-01
-8.274519355908320772e-01
-1.290118458020749204e+00
-1.324725287315307920e+00
-1.245607559468525860e+00
5.665215047001600723e+00
5.633766665721504197e+00
5.650473975759599199e+00
-1.337868890393403953e+00
-1.364745606328439331e+00
-1.449111656907336343e+00
-1.594267363739903853e+00
-1.567647226020430828e+00
-1.597732308219065533e+00
-1.582074578053497715e+00
-1.594267363739903853e+00
-1.607956425019734681e+00
5.418160421880405586e+00
5.255367870605862635e+00
5.342596508022696256e+00
3.952454189781129834e+00
3.869394819839455657e+00
4.040698093867671759e+00
4.424320367499909423e+00
4.529852594842180835e+00
4.604489787397483269e+00
-1.557856180443456751e+00
-1.582156073646923344e+00
-1.592883914832129655e+00
8.820277101448842361e-01
9.797181335196147867e-01
1.106223843322816425e+00
1.996334483676315497e+00
1.770489138765255044e+00
2.062428308332739491e+00
-1.077231833292893182e+00
-1.089554625397166410e+00
-1.145120382171503692e+00
5.319587929717350505e+00
5.239052095675505782e+00
5.196978197411659117e+00
5.420166047302766188e+00
5.459940299319697488e+00
5.512133065872744098e+00
7.059337298940824290e-01
5.358086770687315870e-01
7.755059324603408299e-01
5.337528365378876316e+00
5.381858852046679687e+00
5.313228854749288743e+00
4.529852594842180835e+00
4.400455720670064075e+00
4.604673795262702818e+00
3.406269928546069803e+00
3.541830262355499137e+00
3.354748719202837126e+00
1.248491261267350438e+00
1.391897849459451386e+00
1.134907590911925945e+00
2.355012737217409668e+00
2.129259742112310505e+00
2.180864269073411688e+00
6.306846065164287696e-01
4.300123419065445818e-01
5.652593961459746463e-01
3.588478710529078075e+00
3.677762018215516626e+00
3.709868941404014464e+00
-1.652117724617037542e+00
-1.654842270502545842e+00
-1.648209373455815641e+00
-1.435546378717086791e+00
-1.398530263415902919e+00
-1.389467167066667619e+00
-5.093009010355822319e-01
-4.697896758783609572e-01
-5.461469350965842962e-01
-1.152489219669382337e+00
-1.204174460775168320e+00
-1.243554625372678357e+00
-1.654525120739753774e+00
-1.640003453680740186e+00
-1.631414817445980603e+00
5.631432378772553093e+00
5.602412375978207848e+00
5.644657800840142237e+00
5.602412375978207848e+00
5.540363555422692876e+00
5.560559625166440867e+00
3.670517760413670172e-01
5.262535724560630790e-01
4.000594415023950301e-01
2.263895818783243197e+00
2.450511342240325519e+00
2.411893046650780192e+00
2.832389012861342703e+00
2.751242861493789604e+00
2.635678247433004273e+00
2.751242861493789604e+00
2.873831509822641017e+00
2.662521591282684508e+00
4.648820031634505412e+00
4.785671208085142680e+00
4.188797946771173564e+00
1.053020977033891636e+00
9.273315773040019527e-01
1.134907590911925945e+00
1.842858495837303767e+00
1.950286557209392369e+00
1.818923567331532709e+00
8.019307136824318505e-01
9.041039569987652236e-01
9.249776094818084049e-01
-1.112200341373488666e+00
-1.133239791400433294e+00
-9.810247103091935816e-01
7.765665288843659475e-01
6.626733514261364810e-01
4.792820414574957555e-01
3.840384620344674982e+00
3.750092002657799739e+00
3.709868941404014464e+00
3.750092002657799739e+00
3.822318006765398124e+00
3.700716654977017850e+00
1.846056599361314943e+00
1.743603707542985770e+00
1.689370977149769359e+00
5.365467852638293955e+00
5.156678242358919917e+00
5.171495718571122779e+00
-7.389236061760653396e-01
-6.835231303016676696e-01
-7.786939391120377696e-01
-1.331273809175234746e+00
-1.290118458020749204e+00
-1.261416920581456269e+00
-1.089554625397166410e+00
-1.018709783347456765e+00
-1.094662737818610010e+00
5.156678242358919917e+00
5.205226056313158267e+00
5.014801442851203106e+00
4.156889985704337320e+00
4.213519741729378154e+00
4.400455720670064075e+00
-3.109451178667659299e-01
-2.374866316212524975e-01
-3.877916624663202416e-01
-2.383019408423805441e-01
-3.109451178667659299e-01
-3.759718300801624391e-01
1.035310715433030770e+00
7.765665288843659475e-01
8.374702667040990756e-01
3.881243406371278404e+00
3.972915147359187937e+00
4.050777293875140295e+00
7.417012345737900025e-01
6.214229991448600998e-01
6.044277204148641447e-01
3.969395431993129719e+00
4.156889985704337320e+00
4.154140945051473466e+00
