1.273384317863865078e+00
1.560265992043758265e+00
4.059498143286999650e+00
-1.281911065344262468e+00
1.348423455695360706e+00
-8.559031884677402724e-01
4.971000197313560243e+00
-2.051667449169059243e-01
9.208961295659340296e-02
2.752960597026877565e+00
-1.527124277523757900e+00
5.193789629793167606e+00
3.825049063766838842e+00
-1.998407572778809482e-01
-1.250696965787181369e+00
2.539863789824708729e+00
1.730147805991590626e-01
3.147969954860080577e+00
9.989708962868760755e-01
-1.140381661328683016e+00
3.862129556891966686e+00
8.239450344830955286e-01
1.895198398715627564e+00
-1.244086940348576142e+00
-1.550383943169088008e+00
-7.067573352193917691e-01
4.507908094049296821e+00
2.545607779354848610e+00
5.453318045477681508e+00
4.760034001508874013e+00
4.916179451696851999e+00
4.980366520051794588e+00
3.472596462052274457e+00
4.239094581347267465e-01
2.257466487633993157e+00
3.307134069444193636e-01
-1.431855012958218598e+00
-5.904613216190439662e-01
1.979577596790832172e-01
-6.768046099142949190e-01
2.449827454388276760e+00
3.141827799168586566e+00
2.823231189170510858e-01
-1.613633573030455182e+00
-2.458540752488764525e-01
-1.490417069035067099e+00
-1.422820169309993554e+00
-3.160475180742810530e-01
-1.312333075055290843e+00
3.092885540669920719e+00
-9.827529729494879351e-01
1.752022166774515721e+00
3.334336659496864197e+00
1.398874416417147826e+00
-1.044365734850263738e+00
1.315298973064471744e+00
-6.710283035469172264e-01
5.206443102788021804e+00
5.476850038145459010e+00
4.583965007581540796e+00
4.345756713425645401e+00
1.698515211609416209e+00
-6.883586784971507111e-01
1.685370989864295677e+00
1.685050013927462453e+00
4.729959391583177464e+00
2.820509840094755027e+00
3.924321488278659675e+00
-1.349172580321714277e+00
-8.688942490950725128e-01
4.498636927098906391e+00
5.276682560164720037e+00
4.315400092751365158e+00
3.715252021214694889e+00
1.347107939886347472e+00
-9.646317778752763195e-01
5.357196359173550526e+00
3.425420518231389266e+00
1.871453881458956303e+00
2.197802448321610758e+00
5.402293011575629578e-01
-1.479586160698862507e+00
4.279045817055729728e+00
4.412319316122178536e-01
-7.932195309449995291e-01
7.153989178002185811e-01
-1.000569668947113744e+00
4.553278782630846067e+00
5.217591185259262687e+00
4.280834421447322846e+00
3.757967588995033914e+00
2.035047213716591141e+00
7.041837115061314600e-01
-1.616043538854726958e+00
-5.823099280140530132e-01
-1.323900171398935788e+00
3.335957473395677386e+00
-3.472223073939026405e-01
-1.383456946570721158e+00
-3.000825226555878800e-01
-1.560540896490163032e+00
2.830661258378492917e+00
2.890147546721745855e-02
-1.588736366885296514e+00
-1.239585848470253104e+00
-4.056479952522191734e-01
-1.557658111404296664e+00
2.778173908399774295e+00
5.600789114653172973e+00
-1.251405008701139465e+00
-1.153365620899416522e+00
4.936098683017733357e+00
4.926547373966079668e+00
-7.695184900190911170e-01
-1.164068089124202343e+00
3.033211330946783413e+00
1.034412950305506174e+00
2.818832475742837573e+00
1.680142212632720122e+00
-8.642260919566638888e-01
-1.203138735189922093e+00
1.099088218754919355e+00
-1.284106770668878683e+00
3.720772600340340297e+00
3.908330301942811946e+00
-2.613088710055124775e-01
4.993442737071276838e+00
3.123526519352028519e+00
-7.680370015023822994e-01
1.792095188330847355e+00
1.043504265512686269e+00
9.673561251333555600e-01
1.735446829260213653e+00
4.454306084404732857e+00
5.430848023634587740e+00
1.168084761713359176e+00
5.007793551886453365e+00
-5.705457161535996968e-02
-1.890026254560607799e-01
5.405377424763834426e+00
4.360100663485321881e+00
1.174212110406506193e+00
2.211407594346568750e+00
2.822317858272922031e+00
8.553441243575746200e-02
-1.560713627266052006e+00
2.023296016605415359e-01
4.800992172533032232e+00
-1.507164394287313636e+00
3.823271706818254678e+00
4.926581821094552893e+00
4.657933442027170301e+00
1.079359807995539655e-01
2.705170530985258281e+00
2.194794472066638136e+00
5.515691285194218585e-01
2.490104666424959756e+00
-8.002904812774030985e-01
3.502062461189601739e-01
4.096762617980864718e+00
3.608509320398864961e+00
4.942123706286116191e-01
-5.599982694716812981e-01
2.738831701810199970e+00
-7.305490928215617741e-01
-1.330154089778289306e+00
1.612365442442257601e-01
-1.011665731331872209e+00
5.316701721517300250e+00
4.281853131848684768e+00
3.851231987369768017e+00
5.541264619209899323e+00
4.355349189954215716e-01
3.298181735190553354e+00
-1.644958867899117605e+00
2.349302109207221712e+00
-3.126100990394194978e-01
-1.500272388149041181e+00
4.606750981852944626e+00
1.971081914065489826e+00
-1.450530654529274210e+00
-1.127238260698300909e+00
5.243771970911375924e+00
9.210840883250904776e-01
-3.903721353097283076e-01
-8.675881214134804065e-01
-1.455151444747022405e+00
1.510399254871675145e+00
-1.090807357791681254e+00
9.721243014314737696e-01
2.841880117486038415e+00
3.439333529187218463e+00
-1.356723079350167782e-01
-5.039521514312366168e-01
-1.478598958566460508e+00
-1.386058715594441271e+00
-1.317131276353004976e+00
-1.489362064136509733e+00
3.286312338007505440e-01
2.216113061103732296e+00
1.785839954192840695e+00
-9.117859668037068266e-01
4.626489430798704561e+00
3.743092362849424148e+00
5.606007354701265655e+00
2.378711077156012266e+00
-6.773114798388473190e-01
-1.101166365362046484e+00
-1.599440234650826520e+00
3.236781247140251949e+00
-7.803982133504006047e-01
2.119466367723566336e+00
6.204341121399849918e-02
1.392462856314870545e-01
3.310373521147988440e-02
2.223777713280349122e+00
-9.039574643055349190e-01
1.170404637171444495e+00
5.498398036817420120e-01
-1.109918105328790539e+00
5.193291312564801032e+00
-1.488320923883797109e+00
3.325749866231574536e+00
5.234699795356224428e+00
1.381962097966611847e+00
-1.044473839821741690e+00
-5.359264704708457394e-01
-5.372063955625498710e-02
2.528241700488127908e+00
4.892400170828970829e+00
5.365195445764892490e+00
2.448121112718283587e+00
-1.407525152922617373e+00
4.615307179852171870e+00
4.602959756558099080e+00
-1.307889560335240953e+00
4.185837716986926971e+00
1.950441355810834887e+00
7.703177339817135483e-01
4.396852456953862287e+00
3.062855784405105197e+00
4.139244882257669289e+00
-1.404446953940396758e+00
2.474766169588817455e+00
2.944795720955670326e+00
3.174584442259231309e+00
1.193987761606043696e+00
3.138011839159710270e+00
-8.196885740607896542e-01
4.700544960867602207e+00
1.266970545951295657e+00
1.593187663598737647e+00
5.539710542928741432e+00
4.740385390326139259e+00
-1.215390235950302600e+00
2.948722975627579013e-01
-1.603845541598154734e+00
-7.097485182707870266e-03
5.140641256795104752e+00
3.599969686292212145e+00
4.982460303996107065e+00
-1.430323470306775313e+00
4.419295333245064406e+00
4.258281135717165711e+00
4.124247577347450289e+00
4.285676503115260161e+00
3.117923623933236410e+00
4.072308739240752651e+00
-1.049984190204718004e+00
1.895180486412616716e+00
-6.875300465266258598e-01
8.512305043620745915e-01
-1.315871294509310729e+00
1.013123769096852866e+00
1.687902507685310027e+00
3.298564061253383799e-03
-4.617330691069934656e-01
-1.308751134772256075e-01
-7.847618401435678681e-01
-1.145184704682836285e+00
-1.137492187849234337e+00
4.442902810781705014e+00
-1.094322261801674578e+00
-8.754931130180271248e-01
-1.369640004278902312e+00
5.438837089052313445e+00
5.168552141925118804e+00
2.444276510556073756e+00
2.961257349750478607e+00
-1.224635450505167505e-01
3.275838121133166636e-01
4.783429351910397642e+00
2.156626525279326856e+00
-4.944532415313472318e-01
3.610917601337433336e+00
-1.643745237867058506e+00
5.988831669470384700e-01
-1.415330898657355840e+00
4.989555377204085040e+00
-1.581213181439876436e+00
3.968799436099086364e+00
4.028170477585844012e+00
3.397140527721708825e+00
1.609377958493823368e-01
3.031917127487133268e+00
-1.624917125786017325e+00
2.691019505223454011e+00
-1.570762787310832520e+00
-9.493758591004702874e-02
1.691770768063680208e+00
-1.201717096192777889e+00
8.779132695077186410e-01
-7.139540938789892266e-01
5.365414549659728749e+00
-1.334497507252752291e+00
-1.547983321901098552e+00
-1.039515947340956981e+00
4.573522473896067808e+00
5.547843778375842305e+00
5.505555676411343136e+00
2.237324989307852618e+00
5.248725325220042315e+00
4.968770902710070381e+00
6.343698572601482732e-01
1.350751337449593636e+00
5.019044889483591509e-01
2.183309308390435355e+00
5.839522406121148146e-01
7.286004275343862524e-01
4.179649875887712973e+00
5.105593659695824904e+00
2.512619737489659943e+00
-1.006981368472815941e+00
1.505731019449912722e+00
-1.580767491737584907e+00
4.015749582777131899e+00
2.951852315546360739e+00
1.399321676168603812e+00
3.869280849720273530e+00
9.108510253481690855e-01
5.172467823922502816e+00
1.976058878499850069e+00
7.402008756456593952e-01
1.514308869949958058e+00
1.800474265672105334e+00
2.178003693056183465e+00
5.613313542045228477e-01
-4.866464380532393164e-01
-1.275648891168431609e+00
-1.013026870511622324e+00
4.125700281568262184e+00
5.327305666563639797e+00
-1.299506788151481684e+00
-6.230943892404695594e-01
3.665757758826651447e+00
-2.222126158331941548e-01
-1.520353188881232942e+00
-4.042777198352364154e-01
3.491107211971756108e+00
-1.632149298009104132e+00
-1.414019751934524116e+00
2.692116008770919056e+00
-8.764685830741751893e-01
7.210619575134163961e-01
3.858617610823054545e+00
-1.362221628749889168e+00
-3.044556489369147356e-01
7.545034130947064765e-01
2.613449346226556447e+00
-1.282797315763980706e+00
5.385042583321219212e+00
-4.171343553731766685e-01
3.445382561861816129e+00
-1.197792732460026821e+00
5.015027185726095293e-01
2.685649837723822930e+00
-1.548876591374905187e+00
-5.949098284043522616e-02
4.636839072186742960e+00
-1.462466775169684041e-01
-1.557391919348913412e+00
-1.038549550349548101e+00
3.572446378682903045e+00
3.699062238207717623e+00
-1.328895286206102755e+00
4.842332824413332126e+00
1.919536667653134687e+00
2.718281828459045535e+00
3.187118825054899851e+00
3.645199283028757620e+00
4.080998257404974794e+00
4.482713500161566778e+00
4.838993498648697766e+00
5.139719337922780795e+00
5.376749556381759554e+00
5.544532076376460950e+00
5.640499319436696801e+00
5.665190824700744088e+00
5.622087114763125726e+00
5.517181297730953560e+00
5.358352174185374572e+00
5.154627104716755781e+00
4.915430575017170511e+00
4.649905369598729798e+00
4.366371299497407321e+00
4.071957551309485446e+00
3.772415409955760524e+00
3.472093671200779941e+00
3.174042681808851185e+00
2.880205460017763563e+00
2.591654670781660563e+00
2.308840121794396794e+00
2.031820329184253815e+00
1.760461286110134305e+00
1.494594205378566576e+00
1.234130781907899488e+00
9.791391491702592376e-01
7.298863462842751781e-01
4.868541713890634504e-01
2.507352501297773206e-01
2.241543887321435780e-02
-1.970523368343987114e-01
-4.064787909210802463e-01
-6.045705122527194053e-01
-7.899615449132280087e-01
-9.612427895328361505e-01
-1.116988191212454185e+00
-1.255777028286841679e+00
-1.376211859811766747e+00
-1.476931865677924893e+00
-1.556621458714436024e+00
-1.614014199528044147e+00
-1.647892238696422318e+00
-1.657081784487103526e+00
-1.640445484711180457e+00
-1.596873152956395092e+00
-1.525272987281377279e+00
-1.424566328096204870e+00
-1.293690049144982090e+00
-1.131611780814371526e+00
-9.373641564357833023e-01
-7.101048770453926018e-01
-4.492092299708256853e-01
-1.544003121963843927e-01
1.740808710509369472e-01
5.352683982279911046e-01
9.272377410002460296e-01
1.346864579398408646e+00
1.789604875420271357e+00
2.249333300692677895e+00
3.136462664092034558e+00
4.201904183106337953e+00
2.630707294625910908e+00
3.146356441928465308e+00
3.412903095894153971e+00
3.674285497512398191e+00
3.456384320813321143e+00
3.136462664092057206e+00
2.348662105109357245e+00
1.037896224167567549e+00
1.172897942425141116e+00
1.105939262162038528e+00
-1.236844944329414941e+00
-1.164291024147538600e+00
-1.188590245296940795e+00
1.583002053543442145e+00
1.723887128919046496e+00
1.626849725519650125e+00
-9.218056772472883464e-01
-8.310749910554153796e-01
-8.774549032939362725e-01
1.886483013825202004e+00
1.810245410772748809e+00
1.993370534962679130e+00
4.016878183698019633e+00
3.787435392759746389e+00
3.866623164325247775e+00
4.293848277497722243e+00
4.410940358162537933e+00
4.251081054044449914e+00
4.095592054198879950e+00
4.251081054044441920e+00
4.220131623250400033e+00
-1.006601622353919145e+00
-9.031792396635461850e-01
-9.725784266973384051e-01
1.140149667497011077e+00
1.302014946816368202e+00
1.252046032223063765e+00
2.133913174433783588e+00
2.295189463330163271e+00
2.212743421151133205e+00
4.926169549689635163e-01
6.289342481582351763e-01
5.548630061936834501e-01
2.916106395160070974e+00
2.537111823821986079e+00
2.901811645764072800e+00
4.050777293875140295e+00
4.303116263649462425e+00
4.200103942488254916e+00
1.245154530569763329e+00
1.305133779002010996e+00
1.172897942425140672e+00
-1.135055275413241027e+00
-1.086280444262540890e+00
-1.164291024147538600e+00
1.440961870613302942e+00
1.529705942434354204e+00
1.583002053543441034e+00
-1.005388093680662953e+00
-9.679683948705158913e-01
-9.218056772472883464e-01
5.488727855099123865e+00
5.372466170997348911e+00
5.356094022378434794e+00
5.372466170997405754e+00
5.402525854254097482e+00
5.261768173397709525e+00
5.023649442185420533e+00
4.938979980613185994e+00
5.088255080278797138e+00
3.650501204169768421e+00
3.507914403523956448e+00
3.787435392759746389e+00
3.081966685034143616e+00
3.392431289972949848e+00
3.104851389705813869e+00
5.665572071344191940e+00
5.652091015672815466e+00
5.661602074970290666e+00
4.268856525932138268e+00
4.040698093867671759e+00
4.200103942488254916e+00
2.850614897867096875e+00
2.662188532536473140e+00
3.146356441928465308e+00
2.074059740239885929e+00
2.133913174433796467e+00
1.993370534962679130e+00
-1.257142155809353401e+00
-1.367529387098985305e+00
-1.386249873511931074e+00
5.665442248860559360e+00
5.662119711259304466e+00
5.612971670356240672e+00
5.629981716530006786e+00
5.665442248860559360e+00
5.665680326485967200e+00
5.359375263386718657e+00
5.511284489665795761e+00
5.513680585245601229e+00
-1.507087428556196818e+00
-1.424153755622239892e+00
-1.386249873511931074e+00
-1.424153755622239892e+00
-1.486037632446929546e+00
-1.377521768808197766e+00
3.543159765525249583e+00
3.660616565910507880e+00
3.290898927378449024e+00
-1.630664947812896948e+00
-1.653546115287694684e+00
-1.651652274733060199e+00
2.162766987625837911e-01
9.664576132509347661e-02
1.420054037025517135e-01
3.133000702870050613e+00
2.976377773542190130e+00
3.038599219884415614e+00
-1.627819818064242252e+00
-1.644870099202784930e+00
-1.635691595381648433e+00
2.255469639980556718e+00
2.105602631629659438e+00
2.212743421151133205e+00
6.463388440514159505e-01
5.191235295883440681e-01
5.548630061936834501e-01
-1.657167325479365072e+00
-1.647508222755799334e+00
-1.649731635981001698e+00
9.940739163978553616e-01
1.021780299354604793e+00
1.140149667497009744e+00
-8.339007851722458620e-01
-8.105826001062956809e-01
-9.031792396635457409e-01
-8.594402947811847771e-01
-7.681201064188165617e-01
-9.029851284357323093e-01
4.850201940308239479e+00
4.775960053549377804e+00
4.950398574299535781e+00
5.514751949867002345e+00
5.513680585245625210e+00
5.612971670356240672e+00
5.074582098062387914e+00
4.914917666210827818e+00
4.996863923245113526e+00
-1.182182625945706667e+00
-1.193417009772385518e+00
-1.279921199410083865e+00
2.901613911320840344e+00
3.071475743898829602e+00
3.038599219884415614e+00
3.870484875805435543e-02
1.675781942211763131e-01
1.420054037025517135e-01
-1.639317144166091866e+00
-1.617498346162429712e+00
-1.635691595381648433e+00
5.144284960838334086e+00
5.207077813626145080e+00
5.088255080278797138e+00
-1.051195355216888450e+00
-1.182182625945703336e+00
-1.144402321341509321e+00
-1.653805460986174092e+00
-1.635605010616867805e+00
-1.651652274733060199e+00
-1.653546115287691576e+00
-1.656340699502515390e+00
-1.654371900660578376e+00
5.133731637871970399e+00
4.913139627855733771e+00
4.886990204514457758e+00
-1.653801425264542768e+00
-1.653805460986168763e+00
-1.657167325479365072e+00
2.411893046650780636e+00
2.596945385173187404e+00
2.428909043409108737e+00
5.598073882146293201e+00
5.579970885577775874e+00
5.512133065872744098e+00
5.205226056313149385e+00
5.359375263386667143e+00
5.246056207508844160e+00
5.660004577290028926e+00
5.548862742885667387e+00
5.619384115015038539e+00
5.665680326485967200e+00
5.660004577290028926e+00
5.628704184216202222e+00
2.389851747797625769e+00
2.523405633602802567e+00
2.674231528766940258e+00
2.782935963898477638e+00
3.137113525861280117e+00
2.901811645764072800e+00
4.894756913222467531e+00
5.023649442185420533e+00
5.038877610682243713e+00
2.428909043409108737e+00
2.424185267895830442e+00
2.247327933484430051e+00
5.660004890161233426e+00
5.662468879049188608e+00
5.619921593885639055e+00
1.060170626465516630e+00
8.505236514005416470e-01
1.468145791411931356e+00
-1.642014380680049568e+00
-1.655158297497998143e+00
-1.649731635981001698e+00
5.654722115983991770e+00
5.660004890161252078e+00
5.662119711259304466e+00
5.895166983642129432e-01
1.060170626465515742e+00
1.337502929077921898e+00
-9.605275476699487447e-01
-1.051195355216888450e+00
-9.029851284357323093e-01
-6.612219819156556211e-01
-6.262119027083559164e-01
-5.481742903051417537e-01
-7.375724645264150059e-01
-1.065706799672093918e+00
-7.454027766835051860e-01
-1.065706799672093918e+00
-1.325254954115023809e+00
-1.254736461066836783e+00
-9.558340253149724131e-01
-3.024308884352462368e-01
-1.146542113803493468e+00
4.684887151602191047e+00
4.850201940308235926e+00
4.854549839628623076e+00
4.913139627855733771e+00
5.031936854862436803e+00
4.739380156200870609e+00
2.873831509822641017e+00
3.153354414946462736e+00
3.081966685034134290e+00
5.641373005545713859e+00
5.598073882146329616e+00
5.600052101591172615e+00
-1.356814945769275083e+00
-1.362174021064753049e+00
-1.279921199410083865e+00
-6.142454024965787740e-01
-6.783472297943217155e-01
-7.681201064188176719e-01
-4.620148750466305798e-01
-6.142454024965787740e-01
-5.463060373023688188e-01
-1.362174021064724849e+00
-1.453404767770831274e+00
-1.392724555855521240e+00
3.627548694349287395e+00
3.992042197572881257e+00
3.665349250456446661e+00
3.681954415727244800e+00
3.627548694349267855e+00
3.359751704248397530e+00
-6.819625662458712601e-01
-3.204892919796722417e-01
-7.454027766835060742e-01
-5.697294367789026426e-01
-6.819625662458712601e-01
-8.865644233354871284e-01
4.852318605146056285e+00
5.031034444157458374e+00
5.049753544154008011e+00
5.043029968225569704e+00
5.255122404947552894e+00
5.259748707766814135e+00
3.331201902584818075e+00
3.778623141788602702e+00
3.543159765525249583e+00
2.609197174450160972e+00
2.720343713849938894e+00
2.600925551913931599e+00
-1.793192888853776257e-01
-9.770596027886863100e-02
-1.835883416899317111e-01
-1.585749842793948261e+00
-1.562214056310532673e+00
-1.560883526818527267e+00
-7.632296664945006359e-01
-9.810247103091935816e-01
-7.362466115333256012e-01
5.633521889272029348e+00
5.617405867871875458e+00
5.652091015672815466e+00
2.295189463330164159e+00
2.351029541552796864e+00
2.420626596650424123e+00
4.167933367623529728e-01
4.926169549689635163e-01
3.544039361917780129e-01
2.775811367532254881e+00
2.916106395160070974e+00
3.170814704147344898e+00
2.600925551913931599e+00
2.535172548778486856e+00
2.420626596650424123e+00
-1.644870099202784930e+00
-1.649868433214249919e+00
-1.654022752762964732e+00
-1.835883416899314891e-01
-2.127014276558081285e-01
-2.930730010734781676e-01
2.950251952989317861e-01
2.162766987625828752e-01
3.544039361917780129e-01
3.202176017028952604e+00
3.133000702870056386e+00
3.276493983633293361e+00
-1.551541505894383111e+00
-1.560883526818525713e+00
-1.523273121999851876e+00
1.260711393612552023e+00
1.040082326596413642e+00
1.133842422871994327e+00
-3.086914052087441629e-01
-1.093934484733294354e-02
2.634212558612891719e-02
-5.399938751294283135e-01
-3.086914052087441629e-01
-5.697294367789026426e-01
5.031034444157458374e+00
4.939286400202924199e+00
5.146912563186761602e+00
4.272562710443791545e+00
4.521519903737505786e+00
4.129323791080251382e+00
1.694540355898881412e+00
1.886483013825202004e+00
1.865237532405419119e+00
-1.300296541676093431e+00
-1.229984496703499852e+00
-1.283070739496389390e+00
-1.156594356198303863e+00
-1.103080108673211601e+00
-1.257142155809353401e+00
-1.061787662176817193e+00
-9.605275476699487447e-01
-9.338018546590594049e-01
-1.232263650886805229e+00
-1.221797219525992073e+00
-1.288303649175680965e+00
5.281614863371109081e+00
5.144284960838271914e+00
5.161607090477520643e+00
4.221869526739419953e+00
3.941110017938768362e+00
4.208005354831141354e+00
-3.003630713384036754e-01
-2.496979190730259091e-01
-4.418576874078104511e-01
1.396862067469235136e+00
1.245154530569762441e+00
1.252046032223063765e+00
-1.060574789847158916e+00
-1.135055275413241027e+00
-1.147365019799028385e+00
-9.679683948705164465e-01
-1.060574789847158916e+00
-9.725784266973384051e-01
1.529705942434356425e+00
1.396862067469235136e+00
1.551861468021059842e+00
-1.026745152766012525e+00
-9.205343578997718934e-01
-1.042683233314447122e+00
4.129323791080251382e+00
3.937930829607291905e+00
3.674285497512398191e+00
5.209943968008476034e+00
5.150322247381672547e+00
5.074582098062387914e+00
-9.031076893680584083e-01
-7.885698405749952400e-01
-7.436136769184884532e-01
3.392431289972949848e+00
3.650501204169768421e+00
3.701143868868917775e+00
-5.463060373023683747e-01
-6.241838078139967383e-01
-4.418576874078091188e-01
-1.368283372194247338e+00
-1.392724555855521240e+00
-1.473678851833634340e+00
2.523405633602802567e+00
2.226107071396630666e+00
2.492606223399361998e+00
-6.262119027083551392e-01
-7.311506998968353432e-01
-6.137760942187487911e-01
9.395100884095312077e-01
8.297158374701357753e-01
1.040082326596413642e+00
5.548375782958508751e+00
5.560559625166421327e+00
5.459857882200915391e+00
-1.531786937540306814e+00
-1.527905837023983304e+00
-1.473678851833633452e+00
-1.643737528938570058e+00
-1.620010677904768048e+00
-1.647508222755799334e+00
-7.261659756407982114e-01
-4.806808660356249874e-01
-7.362466115333256012e-01
5.660989872818428914e+00
5.665302548076551759e+00
5.665572071344191940e+00
2.244371753234624123e+00
2.186610560887498611e+00
1.922525818896788863e+00
4.521519903737507562e+00
4.792509915306616186e+00
4.724184499024872252e+00
-1.444698324917713439e+00
-1.541415491974687413e+00
-1.325254954115023809e+00
-1.568399806808259189e+00
-1.444698324917713439e+00
-1.268589846729937687e+00
2.893850602280769735e+00
2.782935963898477194e+00
2.674231528766925603e+00
3.227467383971979853e+00
2.893850602280769291e+00
3.104851389705813869e+00
-1.586743918092556438e+00
-1.507087428556196818e+00
-1.575913483582933150e+00
1.600312702788097452e+00
1.336164738496990356e+00
1.446090592494272187e+00
1.741349571075945679e+00
1.600312702788099894e+00
1.833144822561822096e+00
-9.682059436409048425e-01
-1.026745152766019853e+00
-1.077595606895449754e+00
1.180141576399269976e+00
9.445070238982398170e-01
9.444974246363652126e-01
-4.807366794339408278e-01
-4.716733829574096259e-01
-3.158557661619512125e-01
6.470063053869815617e-01
9.492723631015267394e-01
7.440290101784154952e-01
-1.430362532446820101e+00
-1.254014760282492036e+00
-1.254736461066836783e+00
-1.335680509269141947e+00
-1.338037681398138501e+00
-1.288303649175680965e+00
-9.920661722775538927e-01
-1.015708704949360275e+00
-9.031076893680584083e-01
5.625131834371114969e+00
5.548375782958550495e+00
5.551037749821436940e+00
9.797181335196147867e-01
7.417012345737900025e-01
9.445070238982398170e-01
4.835601014819504329e+00
4.757866456650063469e+00
4.914917666210827818e+00
-1.355483549810754029e+00
-1.306808653533295672e+00
-1.300296541676095874e+00
1.383496463156470124e+00
1.035310715433026330e+00
1.407520416240435335e+00
5.479010218405559129e+00
5.454269459453701785e+00
5.628704184216202222e+00
5.246110844938864481e+00
5.347949877552480302e+00
5.082201836583255528e+00
1.701178766237444240e+00
1.337502929077921898e+00
2.217157824854395720e+00
1.142095429477439916e+00
1.701178766237444240e+00
2.348662105109357245e+00
5.056320225789955991e+00
5.211667294787027060e+00
5.161607090477520643e+00
5.000307110137574895e+00
5.056320225789973755e+00
4.950398574299533117e+00
8.505236514005416470e-01
3.950350068540133819e-01
7.373590889098671219e-01
-1.374170261610845545e+00
-1.291446709212595412e+00
-1.377521768808197766e+00
5.142420482722645403e+00
5.196978197411659117e+00
5.045728717800633589e+00
-5.317796172138957722e-01
-3.877916624663211853e-01
-4.716733829574115688e-01
-5.876719032699786460e-01
-5.317796172138958832e-01
-6.721306320858676520e-01
3.950350068540067761e-01
2.507823593091465866e-02
2.634212558613350727e-02
-8.137735699167305548e-01
-9.558340253149872900e-01
-1.268589846729937687e+00
-1.587748512070336959e+00
-1.586743918092560879e+00
-1.630664947812896948e+00
4.303116263649462425e+00
4.327160571439512715e+00
4.466582963910046722e+00
5.654485911972217949e+00
5.645837459386704893e+00
5.664751212883008868e+00
-1.362273828828691080e+00
-1.400837661191324468e+00
-1.418899593884353383e+00
-4.640995742885555275e-01
-5.093009010355822319e-01
-5.481742903051417537e-01
8.374702667040881954e-01
5.192865123226512170e-01
7.440290101784154952e-01
5.201196973226331899e+00
5.408368982241280598e+00
5.255122404947553783e+00
4.963774901708352338e+00
4.915928221295981615e+00
5.045728717800633589e+00
-1.589893695327202927e+00
-1.631414817445980603e+00
-1.548963410072769165e+00
2.811754469546013269e+00
2.624647869282505042e+00
2.985117681340526907e+00
1.380501532636338347e+00
1.738811659283599154e+00
1.407520416240437999e+00
2.537111823821986079e+00
2.244371753234606359e+00
2.270662546055269182e+00
5.630045246548061044e+00
5.654485911972217949e+00
5.660544643439367363e+00
-1.621228091175860309e+00
-1.575913483582933150e+00
-1.546461185855704690e+00
-8.274519355908320772e-01
-9.360291490985961360e-01
-9.338018546590594049e-01
5.498580649720480551e+00
5.564015074719168119e+00
5.564261547120133322e+00
3.937930829607291905e+00
4.299357336497555693e+00
3.735264936236253774e+00
7.215883026247915666e-01
6.893888218415646918e-01
8.528536679309695057e-01
5.403101165594950572e+00
5.642110849107841553e+00
5.619384115015038539e+00
5.642110849107834447e+00
5.652244170680569724e+00
5.621355364418246126e+00
1.911221858126987971e+00
1.656136704589556086e+00
1.589012510174991455e+00
1.066236830499548649e+00
8.447871408927207781e-01
1.160356478701643379e+00
-7.486419802093524645e-02
-6.184686203638545265e-04
1.032842175184054412e-01
-1.379556349202228915e-01
1.660306746087230056e-01
-1.093934484733294354e-02
1.656136704589556086e+00
1.858720448746658871e+00
1.585842675287238102e+00
8.797829767256613032e-01
1.066236830499548649e+00
1.146428524356611689e+00
-2.374866316212267126e-01
-7.486419802093524645e-02
-1.528229561190439512e-01
3.941110017938768362e+00
3.681954415727238583e+00
3.701143868868917775e+00
-6.899333645936089887e-01
-4.783705935160571521e-01
-5.399938751294283135e-01
4.357084703067037879e-01
2.463025542443630922e-01
3.506813074214294446e-01
-7.590792196146960435e-01
-8.790633580805211622e-01
-8.279064501629995743e-01
-6.848262913911855598e-01
-6.296904026362730722e-01
-7.665608979579159321e-01
5.455703874779360696e-02
1.363959636683540477e-01
2.519720595532997098e-01
-1.163196501387832260e+00
-1.042683233314442903e+00
-1.070727420109021555e+00
5.347949877552455433e+00
5.527827501248950171e+00
5.454269459453701785e+00
2.662188532536473140e+00
2.025749744814974829e+00
2.366151442612752120e+00
2.024338476917670882e+00
2.263895818783243197e+00
2.013304176066018414e+00
5.262535724560630790e-01
7.387751059354793481e-01
7.494387745000251622e-01
-1.000912264297067811e+00
-6.670781780509786874e-01
-1.323847442993355772e+00
-6.670781780509786874e-01
9.226736220016279466e-02
-5.087746219935411762e-01
-1.254014760282489815e+00
-1.315926852683834358e+00
-1.136934845098061864e+00
4.734061198452447883e+00
4.963774901708372767e+00
4.886990204514457758e+00
3.160373489207209285e+00
2.992667183553107790e+00
3.290898927378449024e+00
-1.136934845098061864e+00
-1.011007807960928595e+00
-8.865644233354871284e-01
3.523284536231576336e+00
3.182749892109730805e+00
3.735264936236253774e+00
4.716507159505046509e+00
5.404650474559197448e+00
4.915586401901806290e+00
4.256375388731835407e+00
4.268856525932116952e+00
4.411792690205723844e+00
2.160278158447285879e+00
2.455166792784687413e+00
2.157839048071310550e+00
3.930965717871311993e-01
3.921137635405509414e-01
5.388874285026497013e-01
-1.446013319587819090e+00
-1.418899593884355381e+00
-1.480408812800002138e+00
5.661732229122417692e+00
5.664751212883008868e+00
5.665302548076551759e+00
-1.273688360938400432e+00
-1.242098344463731685e+00
-1.163196501387832260e+00
-1.361718141296031748e+00
-1.273688360938410646e+00
-1.297685687106285624e+00
-1.579120742343234518e+00
-1.596411941701293191e+00
-1.620010677904768048e+00
1.088961536657217399e+00
1.383496463156472789e+00
1.526315050484013058e+00
4.426593631227663472e+00
4.293848277497705368e+00
4.252832834955865060e+00
-8.986554629243050929e-01
-8.183880273727962562e-01
-6.899333645936092108e-01
5.402525854254077942e+00
5.498580649720480551e+00
5.413714223346614673e+00
5.652090053271797032e+00
5.661732229122370619e+00
5.637215336231966134e+00
4.850335313209223287e+00
4.866977485542834714e+00
5.043134725688079634e+00
4.549684989197302798e+00
4.850335313209208188e+00
4.756652970976490202e+00
1.557019026622800340e+00
1.694540355898881412e+00
1.551861468021060286e+00
-1.229984496703499852e+00
-1.160193450736374476e+00
-1.147365019799028385e+00
3.778623141788628459e+00
3.907427574978760809e+00
4.070676848209820342e+00
7.236615519591376167e-01
9.395100884095312077e-01
9.444974246363652126e-01
-1.554622704789099696e+00
-1.512217441570723464e+00
-1.522107583748530502e+00
-1.596411941701293191e+00
-1.554622704789099696e+00
-1.597386776853509271e+00
-1.037522379387926685e+00
-1.223051192107806440e+00
-8.350406803070312689e-01
1.755545840882546393e+00
1.393634454526733402e+00
1.112047946679053156e+00
2.385057132394393375e-01
2.611614772605341805e-02
2.226843902013895260e-01
3.209887271315259305e+00
3.331201902584818075e+00
2.985117681340526907e+00
2.796898128758375179e+00
2.887032698045476131e+00
2.969922436077525596e+00
-1.615454605688579459e+00
-1.600347029140341881e+00
-1.626976091004187719e+00
-3.962111417287067505e-02
2.951966294372835448e-02
9.164762406543519591e-02
2.235767128813542115e+00
2.074059740239883265e+00
2.084840965775369703e+00
6.893888218415631375e-01
5.484556381123508739e-01
6.785095186003077261e-01
4.752043091287704080e+00
4.406691775839308711e+00
4.566683360541981429e+00
-3.803836545202291530e-01
-8.350406803070312689e-01
-5.087746219935411762e-01
1.112047946679053156e+00
5.098250077905971400e-01
6.977553169304256953e-01
-1.638448765993436806e+00
-1.642014380680049790e+00
-1.624755874043021242e+00
-1.576663140372604577e+00
-1.528024349831740736e+00
-1.565402484058817656e+00
1.516460053382325535e-01
2.646126599465383200e-01
1.675781942211763131e-01
-1.582156073646915795e+00
-1.576663140372586813e+00
-1.610046783348227262e+00
-5.035123126287065487e-01
-5.876719032699786460e-01
-6.296904026362730722e-01
9.492723631015257402e-01
1.053020977033891636e+00
1.184574582972343082e+00
5.157529076184515837e+00
5.000307110137573119e+00
5.049753544154008011e+00
2.702754440564135496e+00
2.650588312894043508e+00
2.455166792784695851e+00
5.500075354266160232e+00
5.170336295676576377e+00
5.479010218405559129e+00
2.518725305413213045e-01
4.000594415023949191e-01
3.921137635405517741e-01
-4.668681197054378451e-01
-6.215685693405839096e-01
-4.807366794339408278e-01
-6.215685693405839096e-01
-7.553964009719154049e-01
-7.436136769184884532e-01
-6.184686203638545265e-04
-1.008902648712231009e-01
5.455703874779360696e-02
-3.024308884352462368e-01
5.108102042245910024e-01
9.085472555006082196e-01
7.755059324603408299e-01
9.203052887063556398e-01
1.075254689884453718e+00
2.226843902013895260e-01
2.416351667509799572e-01
4.561960386690923075e-01
-1.528229561190444508e-01
-1.399123283827794495e-01
-3.158557661619512125e-01
4.147934540337732123e+00
4.402281033445730074e+00
4.208005354831141354e+00
1.738540300913139491e+00
2.087707565462303627e+00
1.468145791411931356e+00
2.025749744814974829e+00
1.738540300913141712e+00
1.526315050484013058e+00
2.992667183553102017e+00
2.702754440564216321e+00
2.811754469545946655e+00
6.274051702962933907e-01
5.273010904770705221e-01
4.357084703067037879e-01
5.579970885577775874e+00
5.622003997471873404e+00
5.539168620041139413e+00
3.953745903382772653e+00
4.118308352930373673e+00
3.965676894476881209e+00
2.646126599465383200e-01
3.930965717871331422e-01
3.927192995437755463e-01
2.893599441126755711e-01
4.792820414574957555e-01
1.660306746087230056e-01
-1.521559201735314559e+00
-1.557856180443456751e+00
-1.537965804629634725e+00
2.507823593091616093e-02
7.328924524151965436e-02
-3.204892919796652473e-01
-1.453650626260957646e+00
-1.415164831579007299e+00
-1.481173515850599198e+00
-1.424635375125511194e+00
-1.453650626260957646e+00
-1.482974334471369282e+00
7.328924524152456710e-02
5.895166983642129432e-01
1.385910131412342317e-01
2.129259742112310505e+00
2.024338476917670882e+00
1.858720448746658871e+00
7.387751059354787930e-01
6.306846065164287696e-01
8.797829767256613032e-01
4.400812710605511491e+00
4.129868121450809504e+00
4.221869526739419953e+00
5.455661886706653085e+00
5.359006966642105851e+00
5.413714223346637766e+00
4.300123419065445818e-01
2.657640669094888386e-01
1.823350607467058293e-01
2.572078165234256808e+00
2.355012737217421659e+00
2.654376263946225833e+00
3.893430464588288231e+00
3.829593594469808515e+00
4.129851588784050342e+00
-1.452305642144742670e+00
-1.527398840653178436e+00
-1.546461185855690479e+00
-1.143724843396115354e+00
-1.037522379387926685e+00
-8.594600100777203266e-01
1.393634454526733402e+00
1.554107137645428960e+00
1.094549459784823542e+00
1.799000510089663329e+00
1.832825274319405340e+00
1.723887128919046496e+00
-7.844519562901459686e-01
-7.436251255093098145e-01
-8.310749910554153796e-01
9.141246203981399088e-01
9.709172448345035900e-01
1.037896224167567549e+00
-1.292192834708945082e+00
-1.275550383722392489e+00
-1.236844944329414941e+00
1.980553909444193073e+00
1.799000510089663329e+00
1.865237532405419119e+00
-1.275550383722379610e+00
-1.338289588609328229e+00
-1.283070739496389390e+00
2.887032698045463697e+00
2.790894186442896441e+00
2.976377773542256744e+00
-1.599290722284637534e+00
-1.615454605688573686e+00
-1.627819818064242252e+00
2.951966294372876387e-02
-4.407161458995645376e-02
9.664576132509292150e-02
5.098250077905972510e-01
4.238025234484147363e-01
5.095000211345029895e-02
-3.046233968989825458e-01
-3.803836545202304298e-01
5.095000211345029895e-02
2.416351667509799572e-01
1.032842175184054412e-01
3.036337152073169121e-01
2.604204730776986221e+00
2.687887419712875481e+00
3.000270559389239811e+00
2.071070907685132134e+00
2.604204730776986221e+00
2.366151442612752120e+00
-1.103080108673214488e+00
-8.986554629243059811e-01
-1.011007807960928595e+00
4.205548246554575265e+00
4.147934540337701037e+00
4.016878183698019633e+00
5.617405867871882563e+00
5.564100452352273685e+00
5.601531152565416782e+00
2.596945385173187404e+00
2.746861625728747036e+00
2.736124219128494239e+00
4.915360746500479827e+00
4.752043091287776910e+00
5.009451063779484237e+00
-6.842787679994799532e-02
-9.408241660336996715e-02
4.148057005193023228e-02
-1.597386776853508605e+00
-1.594961871722041513e+00
-1.624755874043021242e+00
-1.630539423774850505e+00
-1.643737528938570058e+00
-1.654371900660578376e+00
-1.527398840653188650e+00
-1.430362532446817880e+00
-1.548963410072757840e+00
-1.618074964959680617e+00
-1.647562423559196798e+00
-1.609154071819657306e+00
1.360279161475799414e+00
1.266091260384029304e+00
1.459552207942788504e+00
-9.803866631165651935e-01
-1.033653458419477644e+00
-1.084097774147818383e+00
4.652830661401771373e+00
4.734061198452470975e+00
4.547224801147224937e+00
5.602797416510236772e+00
5.551977624268179312e+00
5.564261547120133322e+00
8.644023501852062807e-01
6.649337256370196902e-01
7.494387745000206102e-01
2.105191224710324605e+00
1.886654131998849904e+00
2.013304176066018414e+00
5.211667294787027060e+00
5.157529076184545147e+00
5.261768173397709525e+00
3.053583465982582457e+00
3.061235518619145779e+00
2.908314430613684554e+00
-1.145120382171503692e+00
-1.232263650886805229e+00
-1.216613708485267065e+00
5.417830741758755231e+00
5.319587929717354058e+00
5.379692935916208896e+00
4.439423994762789150e+00
4.837863762285689262e+00
4.592675498531500367e+00
5.459940299319697488e+00
5.417830741758656643e+00
5.501861749961781456e+00
3.044087209473127054e+00
3.211026164059970434e+00
3.053583465982576239e+00
4.741274130680618981e+00
4.652830661401765155e+00
4.575838704412094948e+00
4.915928221295988720e+00
4.741274130680614540e+00
4.835601014819504329e+00
3.137113525861280117e+00
3.227467383971981185e+00
3.359751704248397530e+00
2.720343713849938894e+00
2.810514876868392964e+00
2.790894186442896441e+00
-1.602351626889558567e+00
-1.585749842793963582e+00
-1.599290722284641753e+00
-9.770596027886913060e-02
-3.105398139870518825e-02
-4.407161458995653702e-02
-1.502462610140730126e+00
-1.521559201735314559e+00
-1.480408812800002138e+00
-4.806808660356249874e-01
-1.703802584797158293e-01
-2.457725349964606787e-01
-1.703802584797034503e-01
-2.133347716249215098e-01
5.588570316560474011e-02
5.333027003695176127e+00
5.209943968008476034e+00
5.266609955919473229e+00
-8.367259895170922057e-01
-7.632296664945006359e-01
-6.241838078139969603e-01
5.200630137982485302e+00
5.261673689039243484e+00
5.146912563186761602e+00
4.666258273685288671e+00
4.621417734687839562e+00
4.466582963910046722e+00
4.621417734687839562e+00
4.852318605146056285e+00
4.669429284589437401e+00
5.261673689039243484e+00
5.407157865363657834e+00
5.356094022378434794e+00
-1.641386995424851447e+00
-1.589893695327202927e+00
-1.541415491974687413e+00
4.221799932103257547e+00
4.439423994762789150e+00
4.011902772134082085e+00
-1.596470404814125388e+00
-1.621309425725362185e+00
-1.636609686263343022e+00
-2.061185224653674375e-01
-9.335554483875346810e-02
-9.408241660336405521e-02
-3.187942629318821219e-01
-2.061185224653674375e-01
-3.012231936413378164e-01
-1.648201828130927415e+00
-1.653801425264542102e+00
-1.656281238336134276e+00
-1.309627236113212856e+00
-1.362273828828683975e+00
-1.335680509269141947e+00
2.657640669094868957e-01
3.670517760413724573e-01
1.475334821753863657e-01
2.450511342240330848e+00
2.572078165234279901e+00
2.718996372907574788e+00
2.180864269073365946e+00
1.911221858126956441e+00
2.157839048071313659e+00
4.473589316015860184e+00
4.400812710605473299e+00
4.547224801147207174e+00
1.805774742607274552e+00
2.053657510777071593e+00
1.956844551105615393e+00
-1.625392209867409843e+00
-1.648201828130927415e+00
-1.636577200769591789e+00
1.112586901176082943e+00
1.196016199937452118e+00
1.266091260384029304e+00
2.611614772605284213e-02
-1.582742666967023037e-01
-1.399123283827612974e-01
-7.885698405749952400e-01
-8.229703729720203587e-01
-6.721306320858676520e-01
9.226736220016279466e-02
1.004986326704710553e+00
6.977553169304256953e-01
2.842429443133400735e+00
2.219507541789259797e+00
1.984296294283928841e+00
2.424185267895830442e+00
2.537124844247206745e+00
2.375382247934945568e+00
-9.194405991617899954e-01
-9.759881370271245027e-01
-8.790633580805192748e-01
-1.621309425725363296e+00
-1.594382007924164846e+00
-1.630539423774848951e+00
4.267968408908520139e+00
4.716507159505029634e+00
3.710303911107517116e+00
4.201904183106337953e+00
4.988530284066096776e+00
5.168667809191766160e+00
5.319650362059701543e+00
5.500075354266150462e+00
5.621355364418246126e+00
5.551977624268179312e+00
5.555674978858074375e+00
5.510533252592427544e+00
1.373076136469707720e+00
1.628336442434061837e+00
1.589012510174991455e+00
1.149268749863148642e+00
1.373076136469707720e+00
1.160356478701643379e+00
1.334153839067602654e+00
1.149268749863147754e+00
1.075254689884587611e+00
5.273010904770709661e-01
7.236615519591366175e-01
5.151467889986018900e-01
5.408368982241280598e+00
5.514751949867002345e+00
5.524182165163173508e+00
3.252929557309993225e+00
3.408028892185275716e+00
3.322639589103139279e+00
3.346484737171606660e-01
4.591436146876203273e-01
3.678794411714594315e-01
2.335071060142134947e+00
2.483209944356515653e+00
2.449520056020754843e+00
-1.657250615136339977e+00
-1.652809433321705157e+00
-1.655644906855932463e+00
-3.634105695996558416e-01
-2.544917332134130072e-01
-3.030995044532099891e-01
-1.537302751147493041e+00
-1.495447734893483371e+00
-1.519485782594833800e+00
3.061235518619134233e+00
3.207707917659569752e+00
3.071475743898638644e+00
3.794365754574537064e+00
3.952454189781135607e+00
3.953745903382778870e+00
-9.360291490985969132e-01
-8.888936047293990450e-01
-9.803866631165651935e-01
-2.778596821162748753e-02
-3.003630713384036754e-01
-2.457725349964606787e-01
-1.406731873983386283e+00
-1.407599074753902668e+00
-1.447516083165941492e+00
3.675477528234917912e+00
3.664077461765658850e+00
3.554342018989895102e+00
5.123852629835654149e+00
5.263710983724001480e+00
5.009451063779469138e+00
-1.147074039689634617e+00
-9.892154471106038294e-01
-1.144402321341512652e+00
3.467994059472106372e+00
2.842429443133400735e+00
3.710303911107517116e+00
-6.353026326471731267e-01
-6.848262913911855598e-01
-7.590792196146960435e-01
1.363959636683540477e-01
6.834099378543534442e-02
2.463025542443630922e-01
5.466987301466145865e+00
5.455661886706658414e+00
5.510533252592427544e+00
2.247337283016181408e-01
-1.000912264297067811e+00
-1.625710767979209770e+00
-1.194683850412268100e+00
-1.056183748766527764e+00
-1.156594356198303863e+00
3.829593594469808515e+00
3.420889560648263661e+00
3.665349250456446661e+00
3.420889560648263661e+00
3.322853019926305773e+00
3.170814704147344898e+00
-1.538669624100432731e+00
-1.549600412569869912e+00
-1.617902941773149417e+00
-1.549600412569869912e+00
-1.449111656907336343e+00
-1.549550854311743553e+00
5.664883279252873827e+00
5.641373005545713859e+00
5.664332268504704615e+00
5.660691890910492852e+00
5.664883279252823201e+00
5.663091527076792531e+00
4.195134058052607529e+00
4.473589316015885942e+00
4.359108016532096563e+00
1.460217530142332132e+00
1.375483085666119543e+00
1.260711393612552023e+00
4.548421343956428942e+00
4.253927129067359481e+00
4.359108016532096563e+00
1.196016199937462554e+00
1.002869333971577293e+00
1.174601890066184762e+00
1.739167112307379970e+00
1.535238227368811437e+00
1.558223752809386298e+00
1.363317639781737256e+00
1.162749094608003686e+00
1.146428524356613243e+00
1.162749094607999911e+00
1.364161158224353132e+00
1.174601890066184762e+00
1.571632292929383334e+00
1.363317639781741475e+00
1.585842675287206127e+00
1.364161158224353132e+00
1.571632292929385999e+00
1.558223752809386298e+00
3.570663060266624278e+00
3.893430464588286455e+00
3.903432859265921540e+00
4.457466640565906246e+00
4.290810152024718604e+00
4.070676848209830112e+00
4.290810152024718604e+00
4.549684989197302798e+00
4.229353127658952438e+00
4.661842605501325565e+00
4.548421343956428942e+00
4.739380156200870609e+00
2.866972216057832590e+00
3.160373489207209285e+00
3.128553052356413566e+00
-1.433249541504158620e+00
-1.618074964959680617e+00
-1.323847442993355772e+00
-1.647562423559196798e+00
-1.656834042510790805e+00
-1.568399806808259189e+00
-2.496659781213393312e-02
1.244848451694623437e-01
1.823350607467153495e-01
2.767007472235956111e+00
2.736124219128484469e+00
2.908314430613684554e+00
5.619921593885639055e+00
5.551037749821436940e+00
5.524182165163173508e+00
5.404650474559197448e+00
5.664991375462703260e+00
5.652244170680582158e+00
-9.645997239759918074e-02
-2.922579711979117478e-01
-1.687466680744974523e-01
3.310081300975447505e+00
3.043397306429261651e+00
3.128553052356455755e+00
7.794886945461566574e-01
8.594503913078996860e-01
7.685605608620083018e-01
8.594503913078989088e-01
9.940739163978553616e-01
9.709172448345035900e-01
-7.134165539880189533e-01
-6.612219819156557321e-01
-6.424147735364663658e-01
-8.105826001062956809e-01
-7.134165539880219509e-01
-7.844519562901459686e-01
6.626733514261364810e-01
1.088961536657217399e+00
7.373590889098716739e-01
5.601372320103509495e+00
5.631432378772560199e+00
5.640496696749766059e+00
5.308201808867583971e+00
5.246110844938887574e+00
5.084425286747285000e+00
5.472194765508665348e+00
5.308201808867588412e+00
5.353121248154689482e+00
-1.015708704949362051e+00
-1.152489219669382337e+00
-1.070727420109021555e+00
-1.462946213930960582e+00
-1.513945809582169177e+00
-1.478624880388490714e+00
3.211026164059970434e+00
3.354748719202850005e+00
3.341401704858176558e+00
5.660544643439634704e+00
5.664168257075111512e+00
5.664332268504686851e+00
5.664168257075111512e+00
5.652090053271857428e+00
5.640496696749635497e+00
3.425861456334822752e-01
3.048907473911020571e-01
5.588570316564134277e-02
4.559068072178245501e+00
4.577280476772513929e+00
4.672027817135182559e+00
-3.504355185119907290e-01
-4.640995742885555275e-01
-3.826096015297509867e-01
-1.447516083165941492e+00
-1.491600426694864368e+00
-1.495450628758087985e+00
3.554342018989895102e+00
3.380159526388183622e+00
3.374205189503273417e+00
5.082201836583255528e+00
4.813938334425227339e+00
4.724184499024805639e+00
-3.826096015297619224e-01
-3.581001638920259245e-01
-2.351615901583930524e-01
-3.581001638920259245e-01
-4.605923597230893174e-01
-3.012231936413378164e-01
-1.508105307612865209e+00
-1.495450628758096867e+00
-1.545608324747012263e+00
-1.461391210822992726e+00
-1.508105307612866319e+00
-1.522107583748530502e+00
5.407157865363275917e+00
5.372058752438415574e+00
5.459857882200772394e+00
5.372058752438514162e+00
5.200630137982457768e+00
5.259748707766853215e+00
6.289342481582351763e-01
7.215883026247883469e-01
7.794886945461542149e-01
-1.582742666967023037e-01
-1.379556349202228915e-01
-3.109806708570825862e-01
-4.783705935160559308e-01
-4.668681197054378451e-01
-3.109806708570825862e-01
2.846277961983200377e+00
3.523284536231608755e+00
3.547205301973879621e+00
4.787468020058849305e+00
4.759014339430509999e+00
4.672027817135182559e+00
6.834099378543534442e-02
-1.027714406663045033e-01
5.671981238759560284e-03
-4.977404811313448363e-01
-6.353026326471731267e-01
-5.838888569237050685e-01
9.203052887062672660e-01
7.097915468212994128e-01
1.094549459784823542e+00
1.446090592494272187e+00
1.180141576399269976e+00
1.416262457557716736e+00
4.757866456650065246e+00
4.571399653014128539e+00
4.667203373202605476e+00
1.375483085666119099e+00
1.635628161155432192e+00
1.416262457557716736e+00
-1.652051024511617339e+00
-1.654850635513981150e+00
-1.617902941773149417e+00
6.044277204148681415e-01
4.017447612977391724e-01
5.151467889986018900e-01
4.017447612977379512e-01
3.242303129888404190e-01
2.519720595532997098e-01
5.638448916985680626e+00
5.660989872818428914e+00
5.651791116100959300e+00
1.629378225454891194e+00
1.557019026622799007e+00
1.474779346202533592e+00
-1.160193450736374476e+00
-1.191345163950830344e+00
-1.097991157265174600e+00
3.182749892109730805e+00
2.571908538797659016e+00
2.850614897867096875e+00
2.571908538797655019e+00
2.345478078905578911e+00
2.087707565462285419e+00
5.359006966642105851e+00
5.337528365378876316e+00
5.281614863371109081e+00
-1.056183748766529984e+00
-9.920661722775555580e-01
-9.307754729304075214e-01
6.449223828698836813e-01
7.059337298940824290e-01
8.447871408927207781e-01
4.135184381907295315e-01
6.449223828698836813e-01
5.652593961459746463e-01
5.280539691080067044e+00
5.142420482722645403e+00
5.150322247381672547e+00
5.644657800840142237e+00
5.651416330188339998e+00
5.663091527076792531e+00
1.244848451694623437e-01
-2.778596821162748753e-02
2.187820036367297272e-01
1.633655881154128853e+00
1.891175211749221763e+00
1.628336442434061837e+00
-1.637411836376476471e+00
-1.610046783348227262e+00
-1.636577200769591789e+00
-1.630383097822977412e+00
-1.637411836376476471e+00
-1.648301016682712339e+00
3.775209228954223839e+00
3.521516516830021537e+00
3.697016382925862210e+00
5.255367870605843095e+00
5.123852629835654149e+00
5.031936854862436803e+00
2.226107071396630666e+00
1.963539037293355882e+00
1.956844551105615393e+00
1.423382814537989538e-01
1.516460053382325535e-01
4.148057005193023228e-02
-1.263182335415620638e+00
-1.112200341373488666e+00
-1.147074039689633285e+00
-7.311506998968353432e-01
-8.339007851722458620e-01
-8.336379388209189667e-01
1.021780299354604793e+00
8.528536679309695057e-01
1.005381507496497795e+00
-1.655158297497998143e+00
-1.657283359499070130e+00
-1.656281238336134276e+00
2.392941707414282249e+00
2.381498406373018017e+00
2.230057924218099341e+00
1.602349791108639732e+00
1.633655881154216116e+00
1.334153839067604874e+00
-1.567647226020430828e+00
-1.535582391199209473e+00
-1.537965804629634725e+00
2.810514876868403178e+00
2.827924809888973989e+00
2.901613911320840344e+00
-3.105398139870511193e-02
-1.799369487887797492e-02
3.870484875805420277e-02
-1.605614505415468685e+00
-1.602351626889559899e+00
-1.617498346162426603e+00
3.710536499908925201e+00
3.903432859265936639e+00
4.069595882021795674e+00
-1.640003453680740186e+00
-1.647203188639551508e+00
-1.621228091175860309e+00
-1.647203188639551508e+00
-1.656008819674072985e+00
-1.656340699502515390e+00
5.541650903399842676e+00
5.601372320103649827e+00
5.564015074719168119e+00
2.224619239356268707e+00
2.329512358260143579e+00
2.624647869282505042e+00
5.527827501248950171e+00
5.573786254681335706e+00
5.629981716530006786e+00
3.951264937494130880e+00
3.697016382925862210e+00
3.660616565910507880e+00
2.053657510777071593e+00
2.083406403343262436e+00
2.230057924218099341e+00
-1.657283359499067465e+00
-1.650480402657843682e+00
-1.657208877101997935e+00
2.329512358260143579e+00
1.928161736294773165e+00
2.394854463564596969e+00
-1.237261562503272128e+00
-1.389557317957230254e+00
-1.143724843396115354e+00
5.606194388104401405e+00
5.654722115983983777e+00
5.583746788922884008e+00
5.573786254681323271e+00
5.472194765508665348e+00
5.583746788922876902e+00
5.645837459386704893e+00
5.601211714038417000e+00
5.633521889272036454e+00
2.186610560887477739e+00
2.426425307242202400e+00
2.062428308332736382e+00
1.743009572468676049e+00
9.085472555006082196e-01
2.630707294625910908e+00
-1.861248330706382070e-01
1.743009572468676049e+00
4.159807730158735950e+00
2.381498406373015797e+00
2.662521591282684508e+00
2.492606223399366883e+00
-8.183880273727945909e-01
-9.307754729304039687e-01
-7.553964009719154049e-01
4.410940358162537933e+00
4.559068072178245501e+00
4.509912908727789826e+00
4.188797946771173564e+00
3.456384320813321143e+00
3.547205301973879621e+00
3.294464147097759366e+00
3.270831534571454924e+00
3.000270559389239811e+00
3.270831534571456256e+00
3.710536499908903885e+00
3.412903095894153971e+00
-1.133239791400428187e+00
-1.337868890393402843e+00
-1.237261562503265244e+00
4.759014339430509999e+00
4.894756913222467531e+00
4.785414577727234331e+00
-5.422995065436404527e-01
-7.261659756407962130e-01
-8.594600100777203266e-01
1.743603707542985770e+00
1.805774742607274552e+00
1.635628161155432192e+00
-1.656834042510790583e+00
-1.618745729490524310e+00
-1.657079515705400796e+00
3.507914403523956448e+00
3.268456649574012829e+00
3.418209617469023520e+00
5.511284489665795761e+00
5.365467852638293955e+00
5.548862742885667387e+00
5.207077813626145080e+00
5.313228854749288743e+00
5.261513413110267656e+00
1.004986326704710553e+00
1.500313302680534200e+00
1.984296294283928841e+00
-1.650480402657843682e+00
-1.638448765993436806e+00
-1.639317144166091866e+00
-1.146542113803493468e+00
-1.426241808284911983e+00
-1.609154071819657306e+00
3.207707917659569752e+00
3.388321545159043602e+00
3.374205189503273417e+00
-1.519514948300555890e+00
-1.544769690543456697e+00
-1.481173515850602085e+00
-1.544769690543456697e+00
-1.593859870358894648e+00
-1.565402484058817656e+00
4.406691775839308711e+00
4.272562710443791545e+00
4.069595882021795674e+00
7.097915468212994128e-01
3.425861456334857724e-01
4.238025234484825710e-01
-1.018709783347456765e+00
-9.194405991617899954e-01
-9.188367628494003014e-01
2.815627653353451443e+00
3.332119853697660172e+00
3.219196397406940857e+00
3.332119853697660616e+00
3.467994059472105928e+00
3.912081960676478509e+00
-3.248761626576848194e-01
-8.137735699167223391e-01
-7.375724645264153390e-01
5.627190766633090035e+00
5.602797416510236772e+00
5.637215336231990115e+00
4.238051238039783897e+00
4.424320367499925410e+00
4.327160571439512715e+00
1.689370977149769359e+00
1.460217530142331466e+00
1.565690003959323118e+00
1.302014946816367535e+00
1.360279161475802079e+00
1.474779346202533592e+00
-1.033653458419471427e+00
-1.006601622353919590e+00
-1.097991157265174600e+00
4.402281033445730074e+00
4.504228595164811999e+00
4.575838704412122482e+00
1.305133779002015659e+00
1.440961870613303386e+00
1.363687089494865612e+00
-1.086280444262540890e+00
-1.005388093680664507e+00
-1.041146623174168173e+00
-1.520526633103423508e+00
-1.579120742343234518e+00
-1.555910649833796233e+00
3.977238572690709795e+00
3.996756725283872935e+00
4.095592054198879950e+00
-1.618745729490549179e+00
-1.485265861022579736e+00
-1.517403644895988890e+00
-1.592883914832129655e+00
-1.615978169864491054e+00
-1.597732308219065533e+00
-1.615978169864474845e+00
-1.630383097822977412e+00
-1.631954388926421862e+00
-1.485265861022575296e+00
-1.433249541504158620e+00
-1.223051192107806440e+00
4.154140945051503664e+00
4.238051238039756363e+00
4.069523420423439397e+00
-3.759718300801591639e-01
-5.035123126287043283e-01
-4.331208123587322323e-01
-1.315926852683834580e+00
-1.452305642144742004e+00
-1.367529387098986859e+00
4.577280476772513929e+00
4.426593631227663472e+00
4.550524415352422913e+00
-2.496979190730264364e-01
-2.496659781213667051e-02
-1.687466680744974523e-01
6.158496622393694331e-01
8.820277101448842361e-01
7.268788772587905234e-01
4.902376725897422460e+00
4.859534610328804405e+00
5.043029968225569704e+00
4.859534610328804405e+00
4.604673795262702818e+00
4.756652970976490202e+00
-1.527905837023977975e+00
-1.596470404814119837e+00
-1.549550854311743553e+00
1.500313302680534200e+00
2.247337283016181408e-01
2.934035029306099496e+00
-1.607956425019734681e+00
-1.631153824330332514e+00
-1.622094903811147626e+00
4.938979980613185994e+00
4.787468020058848417e+00
4.854549839628617747e+00
-1.426241808284911983e+00
-1.861248330706382070e-01
-1.625710767979209770e+00
2.219507541789260685e+00
2.323791683065832281e+00
1.755545840882546393e+00
4.531189926319182604e+00
4.684887151602191047e+00
4.550524415352422913e+00
1.475334821753838122e-01
1.296974871379960870e-01
3.041167203265982000e-02
-9.335554483875346810e-02
-9.645997239759918074e-02
3.041167203265982000e-02
3.043397306429253213e+00
3.044087209473127054e+00
2.873239857855614421e+00
2.746861625728628020e+00
2.718996372907567682e+00
2.873239857855614421e+00
4.345535413709356476e+00
4.661842605501325565e+00
4.566683360541981429e+00
4.413171979220056329e+00
4.205548246554574376e+00
4.286845486158856744e+00
-1.147547985652742630e+00
-1.213712868170268910e+00
-1.221797219525990297e+00
-1.077595606895449754e+00
-1.147547985652742630e+00
-1.094662737818610010e+00
-1.159013684492485652e+00
-1.061787662176817193e+00
-1.125709650397751505e+00
-1.193417009772382853e+00
-1.159013684492493201e+00
-1.245607559468528525e+00
2.671624349099039897e+00
2.609197174450160972e+00
2.537124844247206745e+00
-1.654850635513981150e+00
-1.641386995424851447e+00
-1.657079515705440764e+00
4.118308352930371896e+00
4.256375388731822973e+00
4.252832834955876606e+00
2.123773875327713334e+00
2.105191224710324605e+00
2.247327933484430051e+00
1.950286557209392369e+00
2.123773875327713334e+00
2.084840965775375921e+00
6.649337256370199123e-01
6.464749576068902215e-01
5.388874285026497013e-01
6.464749576068924419e-01
8.019307136824374016e-01
6.785095186003087253e-01
4.604489787397496592e+00
4.770535285924395907e+00
4.666258273685360614e+00
4.770535285924395907e+00
4.902376725897422460e+00
4.939286400202924199e+00
-1.555397722022458629e+00
-1.587748512070320750e+00
-1.604913199914779875e+00
3.793732494674378675e+00
3.775209228954263807e+00
3.969395431993129719e+00
-1.338037681398133838e+00
-1.405076318809158398e+00
-1.362964927239171065e+00
-1.639327853986739303e+00
-1.646831835569828151e+00
-1.631153824330332514e+00
-1.643737421162114964e+00
-1.626976091004187719e+00
-1.633966874372329015e+00
-1.539585245532606450e-01
-3.962111417287067505e-02
-8.849646428466884096e-02
2.969922436077525596e+00
3.122552815377103386e+00
3.026512833396605817e+00
2.646281032729726146e+00
2.796898128758375179e+00
2.735229392794799708e+00
9.164762406543519591e-02
2.104043186470891391e-01
1.355382175598192629e-01
-1.600347029140345656e+00
-1.569912669786485582e+00
-1.588182154680112035e+00
-1.799369487887830105e-02
-1.399373754977593087e-01
-6.842787679994799532e-02
-1.575425121946288032e+00
-1.605614505415464022e+00
-1.594961871722086144e+00
4.253927129067355928e+00
4.345535413709356476e+00
4.129851588784053007e+00
5.191235295883400713e-01
5.449714240794009124e-01
4.591436146876203273e-01
3.481261827072156478e+00
3.544899902517649082e+00
3.408028892185275716e+00
-1.655452447583968034e+00
-1.656952861376065123e+00
-1.657250615136339977e+00
2.232487344668247609e+00
2.255469639980558938e+00
2.335071060142134947e+00
-1.472366255285169956e+00
-1.453003782702654512e+00
-1.495447734893483371e+00
-4.554073888003875026e-01
-4.134303055542504213e-01
-3.634105695996558416e-01
-1.008902648712231148e-01
-2.383019408423805441e-01
-1.762089040697469855e-01
1.886654131998849904e+00
1.842858495837303767e+00
1.739167112307379970e+00
9.041039569987652236e-01
8.644023501852062807e-01
1.002869333971577293e+00
5.662468879049204595e+00
5.665215047001600723e+00
5.655849255562757527e+00
5.555674978858074375e+00
5.608159890747589138e+00
5.576902905061501770e+00
2.650588312893987553e+00
2.866972216057845468e+00
2.654376263946255587e+00
-1.399373754977593087e-01
-1.793192888853775702e-01
-2.351615901583930524e-01
-1.562214056310532673e+00
-1.575425121946279816e+00
-1.545608324747012263e+00
9.249776094818084049e-01
1.112586901176074061e+00
1.005381507496497795e+00
2.323791683065832281e+00
2.815627653353451443e+00
2.394854463564596969e+00
2.351029541552796864e+00
2.235767128813542115e+00
2.375382247934945568e+00
5.484556381123520952e-01
4.167933367623529728e-01
3.927192995437755463e-01
1.469486748775256757e+00
1.380501532636344120e+00
1.184574582972343304e+00
1.770489138765253934e+00
1.469486748775278517e+00
1.557779692155591311e+00
2.685722723825343383e-01
-3.248761626576848194e-01
1.385910131412342317e-01
3.822318006765398124e+00
3.977238572690709795e+00
3.922523548413995975e+00
1.296974871379960315e-01
2.518725305413210269e-01
1.423382814537989538e-01
2.345478078905570030e+00
2.846277961983196381e+00
2.217157824854395720e+00
1.620767828934670973e+00
1.818923567331532709e+00
1.733299258770052420e+00
1.535238227368819652e+00
1.620767828934668309e+00
1.459552207942788504e+00
3.388321545159043602e+00
3.341401704858176558e+00
3.524070440046515706e+00
5.381858852046679687e+00
5.466987301466145865e+00
5.443960892558473930e+00
-3.743509043979973971e-01
-4.620148750466305798e-01
-2.922579711979117478e-01
4.785671208085116923e+00
5.319650362059713977e+00
4.988530284066067466e+00
3.880878734500480487e+00
3.707936205932371720e+00
3.793732494674378675e+00
-8.157979108111338418e-01
-8.590970702068670972e-01
-7.665608979579159321e-01
-8.590970702068622122e-01
-9.682059436408985142e-01
-9.188367628494003014e-01
-5.664852977532218725e-01
-5.264429280930448263e-01
-4.605923597230893174e-01
-1.409264759409299073e+00
-1.331273809175234746e+00
-1.381240710669231930e+00
-1.420737652401846685e+00
-1.409264759409300183e+00
-1.461391210822992726e+00
-6.835231303016687798e-01
-5.664852977532333078e-01
-6.137760942187487911e-01
4.129868121450802398e+00
4.195134058052596870e+00
3.992042197572881257e+00
-8.888936047293996001e-01
-7.786939391120377696e-01
-8.336379388209356200e-01
5.464433653669209079e+00
5.530159408843960733e+00
5.532675793726544278e+00
5.530159408843960733e+00
5.508617943125453387e+00
5.564100452352273685e+00
-1.535582391199285412e+00
-1.545331252947042877e+00
-1.513945809582169177e+00
1.832825274319405340e+00
1.973398138678243541e+00
1.895444502200418491e+00
-1.353977744494796465e+00
-1.292192834708951743e+00
-1.318374728410186325e+00
-7.436251255093098145e-01
-6.472395545114533189e-01
-6.989409967645561217e-01
7.847827607623905077e-01
9.141246203981399088e-01
8.537703496247222024e-01
5.419295110177986707e+00
5.489427602406511397e+00
5.551710234341742378e+00
5.489427602406511397e+00
5.418160421880405586e+00
5.539168620041139413e+00
4.813938334425230892e+00
4.781876730559107891e+00
4.299357336497555693e+00
-1.168763383756812546e+00
-1.125709650397751505e+00
-1.084097774147818383e+00
-1.261416920581456269e+00
-1.168763383756812546e+00
-1.219522905026293458e+00
6.351853816435684141e-01
6.470063053870033221e-01
4.561960386690923075e-01
9.273315773040019527e-01
6.351853816435684141e-01
7.268788772587905234e-01
5.381494687839945890e+00
5.464433653669209079e+00
5.376380131134045115e+00
5.421240700126332079e+00
5.381494687839959212e+00
5.333027003695176127e+00
4.213519741729378154e+00
3.951264937494130880e+00
4.229353127658952438e+00
3.664077461765659738e+00
3.794365754574537064e+00
3.677762018215525064e+00
-1.407599074753898005e+00
-1.355483549810752475e+00
-1.398530263415900032e+00
3.242303129888404190e-01
4.726589115653978546e-01
3.036337152073312895e-01
3.996756725283872935e+00
3.840384620344674982e+00
3.965676894476881209e+00
-1.648209373455815641e+00
-1.639327853986739303e+00
-1.631954388926421862e+00
1.963539037293355882e+00
2.124363940982964216e+00
1.833144822561822096e+00
5.543341137801008678e+00
5.432967105321124812e+00
4.159807730158735950e+00
3.521516516830009547e+00
3.406269928546078685e+00
3.310081300975447505e+00
-1.344344419531012580e+00
-1.374170261610845545e+00
-1.415164831579007299e+00
-1.243554625372678357e+00
-1.344344419531012580e+00
-1.297685687106285624e+00
5.108102042245676877e-01
2.685722723825343383e-01
1.142095429477439916e+00
2.635678247433004273e+00
2.392941707414282249e+00
2.483203674685915185e+00
5.601211714038417000e+00
5.553709618982325402e+00
5.532675793726530955e+00
5.664991375462703260e+00
5.543341137801008678e+00
5.168667809191766160e+00
-9.892154471106070490e-01
-8.367259895170938711e-01
-8.594402947811978777e-01
1.891175211749221763e+00
2.224619239356268707e+00
2.160278158447276109e+00
1.657559990896316338e+00
1.741349571075945679e+00
1.922525818896788863e+00
2.083406403343262436e+00
1.846056599361314943e+00
2.017792723683655698e+00
2.827924809888973989e+00
2.671624349099039897e+00
2.767007472235960996e+00
2.426425307242202400e+00
2.775811367532254881e+00
2.687887419712875481e+00
5.192865123226477753e-01
2.893599441126730176e-01
2.385057132393854362e-01
5.508617943125459604e+00
5.421240700126315204e+00
5.469530054732560487e+00
5.432967105321124812e+00
4.267968408908520139e+00
2.934035029306099496e+00
-1.486037632446935985e+00
-1.555397722022462847e+00
-1.519514948300555890e+00
5.633766665721577027e+00
5.606194388104401405e+00
5.551710234341716621e+00
-9.759881370271245027e-01
-1.077231833292893182e+00
-1.038565623731023013e+00
2.089529724492941387e+00
2.232487344668248053e+00
2.169611802624307639e+00
-1.646831835569828151e+00
-1.655452447583967368e+00
-1.652061776947452820e+00
-5.580355255525555336e-01
-4.554073888003875026e-01
-5.070255233089225877e-01
5.449714240794097941e-01
6.705725850108978925e-01
6.075541793957880410e-01
3.544899902517649082e+00
3.700716654977017850e+00
3.622132830265350378e+00
-1.453003782702654512e+00
-1.400625086961933219e+00
-1.429119568802474038e+00
4.560870246001075046e+00
4.531189926319182604e+00
4.411792690205723844e+00
4.775960053549377804e+00
4.560870246001075046e+00
4.669429284589437401e+00
4.504228595164814664e+00
4.413171979220050112e+00
4.571399653014126763e+00
3.907427574978719953e+00
3.636441322695583178e+00
4.011902772134090078e+00
3.636441322695582734e+00
3.209887271315264190e+00
3.219196397406941301e+00
5.246056207508804192e+00
5.201196973226331899e+00
5.043134725688059206e+00
3.122552815377108271e+00
3.202176017028952604e+00
3.252929557309965691e+00
2.104043186470891391e-01
2.950251952989317861e-01
3.346484737171606660e-01
-1.649868433214249919e+00
-1.643737421162114964e+00
-1.652809433321705157e+00
2.535172548778486856e+00
2.646281032729726146e+00
2.483209944356515653e+00
-1.569912669786479809e+00
-1.551541505894383111e+00
-1.537302751147495483e+00
-2.127014276558079620e-01
-1.539585245532614222e-01
-2.544917332134125076e-01
3.153354414946469841e+00
3.073972027567527299e+00
3.268456649574012829e+00
5.379692935916200902e+00
5.280539691080050169e+00
5.376380131134071760e+00
4.792509915306655266e+00
4.915360746500481604e+00
5.084425286747283224e+00
-1.453404767770852590e+00
-1.493092768796673298e+00
-1.520526633103423508e+00
2.766176317863981438e-01
4.135184381907295315e-01
2.187820036367297272e-01
-1.656008819674076316e+00
-1.651072837534076410e+00
-1.636609686263332142e+00
-1.594382007924158628e+00
-1.531786937540301041e+00
-1.555910649833790460e+00
3.641368391279280470e+00
3.671064517323464393e+00
3.524070440046515706e+00
3.671064517323156196e+00
3.881243406371278404e+00
3.757624118777714184e+00
-1.405076318809158398e+00
-1.446013319587819090e+00
-1.462946213930960582e+00
5.263710983724001480e+00
5.419295110177986707e+00
5.353121248154689482e+00
2.124363940982964216e+00
2.389851747797625769e+00
2.270662546055269182e+00
1.810245410772748809e+00
1.629378225454891194e+00
1.733299258770052420e+00
-1.191345163950830344e+00
-1.273984143454797602e+00
-1.219522905026293458e+00
8.297158374701357753e-01
6.274051702962932797e-01
7.275697285192640473e-01
-5.884380650387338596e-01
-7.231314154015860973e-01
-6.783472297943217155e-01
-1.324725287315313915e+00
-1.391590377970534975e+00
-1.356814945769298619e+00
3.707936205932410800e+00
3.641368391279252492e+00
3.541830262355499137e+00
1.336164738497000126e+00
1.248491261267350438e+00
1.106223843322816425e+00
4.837863762285689262e+00
5.112126226073943513e+00
5.171495718571122779e+00
-1.656525288718541988e+00
-1.655307497170673159e+00
-1.657208877102000821e+00
-1.655307497170673159e+00
-1.652117724617037542e+00
-1.648301016682712339e+00
5.540363555422720410e+00
5.541650903399912842e+00
5.488727855099123865e+00
-1.204174460775170097e+00
-1.194683850412262549e+00
-1.291446709212595412e+00
3.073972027567529519e+00
2.832389012861342703e+00
2.953352986883189146e+00
4.512065283912700231e+00
4.221799932103285968e+00
3.912081960676478509e+00
-1.364745606328439331e+00
-1.263182335415620638e+00
-1.368283372194247338e+00
-2.291898811702202110e-01
-3.806584175881200238e-01
-3.060432673523176828e-01
-1.545331252947051093e+00
-1.582074578053497715e+00
-1.564644252834460847e+00
5.608159890747587362e+00
5.627190766633090035e+00
5.638448916985686843e+00
3.380159526388165858e+00
3.439667628262966126e+00
3.276493983633293361e+00
-1.657287482646975008e+00
-1.656525288718521560e+00
-1.654022752762964732e+00
-3.709414765793356827e-01
-3.504355185119923943e-01
-2.930730010734781676e-01
-1.491600426694864368e+00
-1.483288095015599106e+00
-1.523273121999851876e+00
5.358086770687315870e-01
2.766176317863953127e-01
3.048907473910957289e-01
-1.651072837534079740e+00
-1.654525120739753774e+00
-1.652051024511617339e+00
-1.635605010616867805e+00
-1.615499743372258656e+00
-1.604913199914781874e+00
-1.615499743372256880e+00
-1.625392209867409843e+00
-1.593859870358894648e+00
5.651416330188339998e+00
5.625131834371114969e+00
5.655849255562660716e+00
3.439667628262966126e+00
3.588478710529078075e+00
3.481261827072156478e+00
-1.483288095015599106e+00
-1.435546378717086791e+00
-1.472366255285169956e+00
-1.654842270502538515e+00
-1.657287482646964571e+00
-1.656952861376065123e+00
-4.697896758783609572e-01
-3.709414765793356827e-01
-4.134303055542504213e-01
-2.133347716249442416e-01
-5.422995065436404527e-01
-3.046233968990847973e-01
2.030975945541321881e+00
2.089529724492923624e+00
1.973398138678298386e+00
2.105602631629659438e+00
2.030975945541321881e+00
1.980553909444193073e+00
-6.011596703882173820e-01
-5.580355255525558666e-01
-6.472395545114530968e-01
-5.461469350965842962e-01
-6.011596703882173820e-01
-6.424147735364673650e-01
7.246898710706386471e-01
6.463388440514159505e-01
7.685605608620034168e-01
-1.379297549298398318e+00
-1.389467167066667619e+00
-1.338289588609328229e+00
-1.400625086961964749e+00
-1.379297549298389658e+00
-1.353977744494811564e+00
6.705725850108701369e-01
7.246898710706386471e-01
7.847827607623905077e-01
5.553709618982326290e+00
5.585177414422612507e+00
5.501861749961781456e+00
5.170336295676576377e+00
4.648820031634505412e+00
4.781876730559106115e+00
4.774724574174593172e+00
4.457466640565906246e+00
4.592675498531500367e+00
4.866977485542840043e+00
4.774724574174596725e+00
5.014801442851203106e+00
-1.528024349831740736e+00
-1.502462610140730126e+00
-1.482974334471369282e+00
-9.205343578997691179e-01
-8.157979108111330646e-01
-8.229703729720203587e-01
6.214229991448778634e-01
6.158496622393646591e-01
4.726589115653978546e-01
5.276656175131008375e+00
5.420166047302766188e+00
5.342596508022696256e+00
5.239052095675505782e+00
5.276656175131005710e+00
5.133731637871970399e+00
5.622003997471873404e+00
5.660691890910492852e+00
5.650473975759599199e+00
5.041265338035149313e+00
4.512065283912700231e+00
4.915586401901804514e+00
1.928161736294769835e+00
1.602349791108572452e+00
1.554107137645245107e+00
3.972915147359187937e+00
3.880878734500468052e+00
4.069523420423548643e+00
-1.812728301802885855e-01
-2.291898811702201277e-01
-1.027714406663045033e-01
-3.806584175881205789e-01
-4.288380506234641398e-01
-4.977404811313448363e-01
-3.058195405176085124e-01
-1.812728301802940256e-01
-1.762089040697469855e-01
-4.288380506234602541e-01
-3.058195405176085124e-01
-4.331208123587322323e-01
-1.400837661191324912e+00
-1.361718141296039075e+00
-1.424635375125497871e+00
3.869394819839455657e+00
3.675477528234918800e+00
3.757624118777714184e+00
-1.335405348965206462e+00
-1.406731873983392944e+00
-1.381240710669231930e+00
-1.306808653533291675e+00
-1.335405348965210459e+00
-1.273984143454797602e+00
1.391897849459451386e+00
1.657559990896316338e+00
1.557779692155591311e+00
-1.389557317957243132e+00
-1.538669624100416966e+00
-1.517403644895985781e+00
1.738811659283599154e+00
1.996334483676315497e+00
2.071070907685132134e+00
5.112126226073963053e+00
5.041265338035152865e+00
5.403101165594950572e+00
-1.493092768796676184e+00
-1.452119195919994166e+00
-1.512217441570723464e+00
5.585177414422612507e+00
5.630045246548061044e+00
5.600052101591093567e+00
-1.242098344463731685e+00
-1.309627236113208859e+00
-1.213712868170268910e+00
-5.264429280930448263e-01
-5.884380650387338596e-01
-4.680041871308392443e-01
-1.391590377970537862e+00
-1.420737652401846685e+00
-1.452119195919994166e+00
3.322853019926418128e+00
3.570663060266620725e+00
3.294464147097726059e+00
-4.680041871308388002e-01
-3.743509043980010609e-01
-3.187942629318863963e-01
-7.231314154015945350e-01
-7.389236061760653396e-01
-8.274519355908320772e-01
-1.290118458020745429e+00
-1.324725287315308142e+00
-1.245607559468510539e+00
5.665215047001600723e+00
5.633766665721495315e+00
5.650473975759599199e+00
-1.337868890393403953e+00
-1.364745606328439331e+00
-1.449111656907336343e+00
-1.594267363739892307e+00
-1.567647226020430828e+00
-1.597732308219065533e+00
-1.582074578053470626e+00
-1.594267363739903853e+00
-1.607956425019734681e+00
5.418160421880405586e+00
5.255367870605856417e+00
5.342596508022696256e+00
3.952454189781176908e+00
3.869394819839455657e+00
4.040698093867671759e+00
4.424320367500028439e+00
4.529852594842180835e+00
4.604489787397483269e+00
-1.557856180443454086e+00
-1.582156073646923344e+00
-1.592883914832126324e+00
8.820277101448842361e-01
9.797181335196147867e-01
1.106223843322816425e+00
1.996334483676309723e+00
1.770489138765265702e+00
2.062428308332739046e+00
-1.077231833292891627e+00
-1.089554625397166410e+00
-1.145120382171503692e+00
5.319587929717350505e+00
5.239052095675505782e+00
5.196978197411659117e+00
5.420166047302778622e+00
5.459940299319778312e+00
5.512133065872744098e+00
7.059337298940173699e-01
5.358086770685654976e-01
7.755059324604161031e-01
5.337528365378878981e+00
5.381858852046679687e+00
5.313228854749284302e+00
4.529852594842168401e+00
4.400455720670064075e+00
4.604673795262702818e+00
3.406269928546069803e+00
3.541830262355484926e+00
3.354748719202837126e+00
1.248491261267350438e+00
1.391897849459451386e+00
1.134907590911925945e+00
2.355012737217409668e+00
2.129259742112196818e+00
2.180864269073411688e+00
6.306846065164276594e-01
4.300123419065445818e-01
5.652593961459746463e-01
3.588478710529086069e+00
3.677762018215516626e+00
3.709868941404026454e+00
-1.652117724617037542e+00
-1.654842270502559165e+00
-1.648209373455815641e+00
-1.435546378717077687e+00
-1.398530263415902919e+00
-1.389467167066661846e+00
-5.093009010355807886e-01
-4.697896758783604576e-01
-5.461469350965835190e-01
-1.152489219669382337e+00
-1.204174460775168320e+00
-1.243554625372678357e+00
-1.654525120739753774e+00
-1.640003453680740186e+00
-1.631414817445980603e+00
5.631432378772553093e+00
5.602412375978207848e+00
5.644657800840142237e+00
5.602412375978207848e+00
5.540363555422705311e+00
5.560559625166440867e+00
3.670517760413661290e-01
5.262535724560630790e-01
4.000594415023950301e-01
2.263895818783243197e+00
2.450511342240258461e+00
2.411893046650777528e+00
2.832389012861342259e+00
2.751242861493789604e+00
2.635678247433004273e+00
2.751242861493789604e+00
2.873831509822641017e+00
2.662521591282684508e+00
4.648820031634505412e+00
4.785671208085142680e+00
4.188797946771173564e+00
1.053020977033891636e+00
9.273315773040019527e-01
1.134907590911925945e+00
1.842858495837303545e+00
1.950286557209391480e+00
1.818923567331523383e+00
8.019307136824324056e-01
9.041039569987656677e-01
9.249776094818111805e-01
-1.112200341373488666e+00
-1.133239791400433294e+00
-9.810247103091935816e-01
7.765665288843863756e-01
6.626733514261413660e-01
4.792820414574908705e-01
3.840384620344674982e+00
3.750092002657794410e+00
3.709868941404014464e+00
3.750092002657803292e+00
3.822318006765400789e+00
3.700716654977009856e+00
1.846056599361315609e+00
1.743603707542983772e+00
1.689370977149770470e+00
5.365467852638295732e+00
5.156678242358913700e+00
5.171495718571129885e+00
-7.389236061760636742e-01
-6.835231303016663373e-01
-7.786939391120365483e-01
-1.331273809175234746e+00
-1.290118458020749204e+00
-1.261416920581456269e+00
-1.089554625397165744e+00
-1.018709783347456765e+00
-1.094662737818610010e+00
5.156678242358907482e+00
5.205226056313127181e+00
5.014801442851203106e+00
4.156889985704492751e+00
4.213519741729378154e+00
4.400455720670064075e+00
-3.109451178667659854e-01
-2.374866316212524975e-01
-3.877916624663202416e-01
-2.383019408423805441e-01
-3.109451178667659299e-01
-3.759718300801624391e-01
1.035310715433030770e+00
7.765665288843667247e-01
8.374702667040990756e-01
3.881243406371278404e+00
3.972915147359187937e+00
4.050777293875140295e+00
7.417012345737898915e-01
6.214229991448600998e-01
6.044277204148629234e-01
3.969395431993128831e+00
4.156889985704337320e+00
4.154140945051793210e+00
